466 52 174 174
466 52 174 174
466 52 174 174
490 74 146 146
490 74 146 146
474 74 146 146
454 70 176 174
436 70 174 174
416 70 174 174
396 70 176 174
378 70 174 174
358 70 176 174
346 90 146 146
314 90 146 146
282 90 146 146
250 90 146 146
234 90 146 146
202 90 146 146
154 90 146 146
106 90 146 146
90 90 146 146
74 90 146 146
74 90 146 146
52 70 174 174
90 148 174 174
108 148 176 174
128 148 174 174
166 148 176 174
186 148 174 174
186 148 174 174
204 148 176 174
234 170 146 146
250 170 146 146
266 170 146 146
282 170 146 146
298 170 146 146
314 170 146 146
346 170 146 146
358 148 176 174
378 148 174 174
378 148 174 174
378 148 174 174
378 166 174 176
378 166 174 176
378 186 174 174
362 200 208 210
396 242 176 176
396 242 176 176
396 242 176 176
396 242 176 176
396 242 176 176
378 242 174 176
358 224 176 174
358 224 176 174
340 224 174 174
320 224 174 174
300 224 176 174
282 224 174 174
262 224 176 174
262 224 176 174
242 224 176 174
224 224 174 174
204 224 176 174
186 224 174 174
166 224 176 174
148 224 174 174
128 224 174 174
108 200 210 210
84 200 210 210
90 224 174 174
90 224 174 174
62 200 210 210
458 58 146 146
458 58 146 146
458 58 146 146
442 58 146 146
442 58 146 146
426 58 146 146
426 58 146 146
410 58 146 146
410 58 146 146
394 58 146 146
394 58 146 146
378 58 146 146
378 58 146 146
362 58 146 146
346 58 146 146
346 58 146 146
330 58 146 146
314 58 146 146
314 58 146 146
298 58 146 146
282 58 146 146
282 58 146 146
266 58 146 146
250 58 146 146
234 58 146 146
234 58 146 146
218 58 146 146
202 58 146 146
202 58 146 146
186 58 146 146
170 58 146 146
154 58 146 146
154 58 146 146
138 58 146 146
122 58 146 146
106 58 146 146
90 58 146 146
90 58 146 146
74 58 146 146
74 74 146 146
74 90 146 146
58 106 146 146
58 122 146 146
58 122 146 146
58 138 146 146
58 154 146 146
58 154 146 146
58 154 146 146
74 154 146 146
90 154 146 146
106 154 146 146
122 154 146 146
138 154 146 146
154 154 146 146
170 154 146 146
202 154 146 146
218 154 146 146
234 154 146 146
282 170 146 146
298 170 146 146
314 170 146 146
314 170 146 146
330 170 146 146
330 170 146 146
330 154 146 146
346 154 146 146
346 154 146 146
346 154 146 146
362 154 146 146
378 154 146 146
378 154 146 146
394 154 146 146
410 154 146 146
426 154 146 146
426 154 146 146
442 170 146 146
442 170 146 146
442 186 146 146
426 202 146 146
426 202 146 146
426 218 146 146
426 234 146 146
426 218 146 146
410 218 146 146
410 218 146 146
394 218 146 146
378 218 146 146
362 218 146 146
362 218 146 146
346 218 146 146
330 218 146 146
314 218 146 146
298 218 146 146
298 218 146 146
282 218 146 146
266 218 146 146
250 218 146 146
234 218 146 146
218 218 146 146
202 218 146 146
186 218 146 146
170 218 146 146
154 218 146 146
138 218 146 146
138 218 146 146
122 218 146 146
122 218 146 146
378 20 252 250
378 20 252 250
378 20 252 250
378 20 252 250
378 20 252 250
378 20 252 250
378 20 252 250
384 38 210 210
352 20 250 250
352 20 250 250
362 38 208 210
324 20 250 250
324 20 250 250
296 20 250 250
296 48 250 250
292 62 210 210
270 38 208 210
240 48 252 250
214 48 250 250
224 62 208 210
200 38 210 210
178 38 208 210
154 38 210 210
130 38 210 210
102 48 252 250
102 48 252 250
102 74 252 252
108 130 210 210
74 130 252 250
74 130 252 250
74 130 252 250
74 130 252 250
74 130 252 250
74 130 252 250
74 130 252 250
74 130 252 250
102 130 252 250
130 154 210 210
154 154 210 210
178 154 208 210
200 154 210 210
224 154 208 210
224 154 208 210
246 154 210 210
270 154 208 210
292 154 210 210
292 154 210 210
316 154 208 210
316 154 208 210
338 154 210 210
338 154 210 210
338 200 210 210
338 246 210 210
324 228 250 252
362 246 208 210
362 246 208 210
362 246 208 210
324 214 250 250
338 224 210 208
316 224 208 208
292 224 210 208
270 224 208 208
214 214 250 250
200 224 210 208
158 214 250 250
130 214 250 250
102 214 252 250
74 186 252 250
436 52 174 174
436 52 174 174
436 52 174 174
436 52 174 174
442 58 146 146
416 52 174 174
396 32 176 174
378 32 174 174
358 32 176 174
340 32 174 174
320 32 174 174
300 32 176 174
282 32 174 174
262 32 176 174
250 58 146 146
204 52 176 174
90 148 174 174
70 166 174 176
300 148 176 174
346 170 146 146
362 170 146 146
358 148 176 174
358 148 176 174
358 148 176 174
378 186 174 174
378 204 174 176
396 224 176 174
396 204 176 176
396 204 176 176
396 204 176 176
378 204 174 176
358 204 176 176
340 204 174 176
320 204 174 176
128 204 174 176
436 52 174 174
436 52 174 174
436 52 174 174
436 52 174 174
416 52 174 174
416 52 174 174
396 32 176 174
378 52 174 174
358 52 176 174
340 52 174 174
320 52 174 174
300 52 176 174
262 52 176 174
242 52 176 174
224 52 174 174
186 32 174 174
166 32 176 174
148 32 174 174
128 32 174 174
128 32 174 174
108 32 176 174
108 52 176 174
108 70 176 174
108 90 176 174
108 128 176 174
90 128 174 174
90 128 174 174
90 128 174 174
90 128 174 174
90 128 174 174
84 108 210 210
108 108 210 210
130 108 210 210
154 108 210 210
178 108 208 210
204 128 176 174
224 108 208 210
246 108 210 210
246 108 210 210
270 108 208 210
300 128 176 174
320 128 174 174
338 108 210 210
362 108 208 210
362 108 208 210
384 108 210 210
384 108 210 210
384 108 210 210
408 108 208 210
408 130 208 210
408 154 208 210
430 178 210 208
430 200 210 210
432 200 208 210
430 200 210 210
430 200 210 210
430 200 210 210
408 200 208 210
362 200 208 210
338 200 210 210
316 200 208 210
292 200 210 210
270 200 208 210
224 200 208 210
200 200 210 210
178 200 208 210
154 200 210 210
130 200 210 210
108 200 210 210
84 200 210 210
84 200 210 210
84 200 210 210
84 200 210 210
84 200 210 210
436 32 174 174
442 42 146 146
442 42 146 146
442 42 146 146
442 42 146 146
426 42 146 146
426 42 146 146
410 42 146 146
394 42 146 146
378 42 146 146
362 42 146 146
346 42 146 146
330 42 146 146
314 42 146 146
282 42 146 146
266 58 146 146
250 58 146 146
234 58 146 146
218 58 146 146
202 58 146 146
186 58 146 146
170 58 146 146
154 58 146 146
138 58 146 146
122 58 146 146
122 58 146 146
106 58 146 146
90 58 146 146
90 58 146 146
90 74 146 146
90 74 146 146
90 74 146 146
108 108 176 176
128 108 174 176
170 106 146 146
186 106 146 146
250 122 146 146
314 106 146 146
320 108 174 176
396 108 176 176
442 122 146 146
442 122 146 146
442 122 146 146
426 122 146 146
410 122 146 146
394 122 146 146
378 122 146 146
362 122 146 146
362 122 146 146
362 138 146 146
362 138 146 146
378 154 146 146
378 186 146 146
378 186 146 146
378 186 146 146
378 186 146 146
378 186 146 146
378 186 146 146
378 186 146 146
362 186 146 146
320 186 174 174
314 186 146 146
282 166 174 176
262 166 176 176
242 166 176 176
224 166 174 176
204 166 176 176
186 166 174 176
166 166 176 176
148 166 174 176
148 166 174 176
128 166 174 176
108 166 176 176
108 166 176 176
122 170 146 146
90 166 174 176
90 166 174 176
90 166 174 176
70 166 174 176
70 166 174 176
70 166 174 176
70 166 174 176
70 166 174 176
70 166 174 176
70 166 174 176
432 38 208 210
432 38 208 210
432 38 208 210
432 38 208 210
432 38 208 210
454 70 176 174
430 38 210 210
436 70 174 174
408 38 208 210
408 38 208 210
384 38 210 210
396 70 176 174
362 38 208 210
358 70 176 174
316 62 208 210
292 62 210 210
282 70 174 174
262 70 176 174
242 90 176 174
224 90 174 174
178 62 208 210
154 62 210 210
130 62 210 210
108 62 210 210
108 62 210 210
84 62 210 210
84 62 210 210
90 90 174 174
62 108 210 210
38 130 210 210
38 154 210 210
38 154 210 210
70 186 174 174
70 186 174 174
62 178 210 208
62 178 210 208
62 154 210 210
84 154 210 210
108 154 210 210
166 186 176 174
154 154 210 210
200 154 210 210
282 186 174 174
292 154 210 210
316 154 208 210
338 154 210 210
362 154 208 210
384 154 210 210
384 154 210 210
408 154 208 210
408 154 208 210
408 154 208 210
408 154 208 210
436 186 174 174
430 200 210 210
430 224 210 208
430 224 210 208
430 224 210 208
430 224 210 208
436 242 174 176
408 224 208 208
384 224 210 208
362 224 208 208
338 246 210 210
320 262 174 176
270 246 208 210
246 246 210 210
224 246 208 210
200 224 210 208
154 224 210 208
130 246 210 210
108 246 210 210
84 246 210 210
84 246 210 210
48 214 250 250
48 214 250 250
62 224 210 208
466 90 174 174
466 90 174 174
466 90 174 174
466 90 174 174
454 90 176 174
436 90 174 174
416 90 174 174
396 90 176 174
358 90 176 174
340 90 174 174
320 90 174 174
330 90 146 146
300 90 176 174
314 90 146 146
298 90 146 146
282 90 174 174
282 106 146 146
282 106 146 146
282 106 146 146
262 90 176 174
262 108 176 176
262 128 176 174
242 148 176 174
224 148 174 174
224 148 174 174
204 128 176 174
186 128 174 174
186 128 174 174
166 128 176 174
148 128 174 174
154 138 146 146
154 138 146 146
154 154 146 146
148 148 174 174
148 166 174 176
148 166 174 176
148 186 174 174
148 186 174 174
166 186 176 174
186 186 174 174
218 202 146 146
234 202 146 146
250 202 146 146
266 202 146 146
266 202 146 146
282 202 146 146
298 202 146 146
314 202 146 146
330 202 146 146
346 202 146 146
340 186 174 174
362 202 146 146
358 186 176 174
358 186 176 174
378 186 146 146
378 186 146 146
394 170 146 146
410 170 146 146
426 154 146 146
442 138 146 146
458 138 146 146
474 122 146 146
490 122 146 146
490 122 146 146
490 122 146 146
490 122 146 146
490 122 146 146
490 122 146 146
490 122 146 146
490 122 146 146
490 122 146 146
410 138 146 146
410 138 146 146
410 138 146 146
426 138 146 146
426 138 146 146
426 138 146 146
426 138 146 146
426 138 146 146
410 138 146 146
394 138 146 146
394 138 146 146
378 138 146 146
378 138 146 146
362 138 146 146
346 138 146 146
346 154 146 146
330 154 146 146
314 154 146 146
314 154 146 146
298 154 146 146
282 154 146 146
266 154 146 146
266 154 146 146
250 138 146 146
250 154 146 146
234 138 146 146
234 154 146 146
234 154 146 146
218 138 146 146
218 138 146 146
202 138 146 146
202 138 146 146
202 138 146 146
186 138 146 146
186 138 146 146
186 154 146 146
170 170 146 146
154 170 146 146
138 170 146 146
122 186 146 146
122 202 146 146
122 202 146 146
122 218 146 146
122 218 146 146
122 218 146 146
122 218 146 146
138 234 146 146
138 234 146 146
154 234 146 146
170 234 146 146
186 234 146 146
202 234 146 146
218 234 146 146
234 234 146 146
234 234 146 146
250 234 146 146
266 234 146 146
282 234 146 146
298 234 146 146
314 218 146 146
330 218 146 146
330 234 146 146
346 234 146 146
340 224 174 174
362 234 146 146
378 218 146 146
378 234 146 146
378 234 146 146
378 234 146 146
378 234 146 146
378 234 146 146
378 218 146 146
384 16 210 210
384 16 210 210
378 0 252 278
378 0 252 278
408 16 208 210
408 16 208 210
408 16 208 210
408 16 208 210
384 16 210 210
362 16 208 210
362 16 208 210
338 16 210 210
316 16 208 210
316 16 208 210
292 16 210 210
270 16 208 210
246 38 210 210
224 38 208 210
200 38 210 210
178 16 208 210
186 52 174 174
166 52 176 174
130 38 210 210
108 16 210 210
84 16 210 210
84 16 210 210
84 16 210 210
84 16 210 210
84 38 210 210
84 62 210 210
84 84 210 210
84 84 210 210
84 108 210 210
84 130 210 210
74 130 252 250
108 154 210 210
130 154 210 210
154 154 210 210
178 154 208 210
178 154 208 210
200 154 210 210
224 154 208 210
246 154 210 210
270 154 208 210
300 166 176 176
320 166 174 176
340 166 174 176
358 166 176 176
378 186 174 174
378 186 174 174
396 186 176 174
396 186 176 174
396 204 176 176
396 204 176 176
396 224 176 174
396 224 176 174
362 224 208 208
338 224 210 208
338 224 210 208
316 224 208 208
292 224 210 208
270 224 208 208
246 224 210 208
224 224 208 208
200 224 210 208
204 224 176 174
358 90 176 174
358 90 176 174
358 90 176 174
358 108 176 176
378 90 174 174
378 90 174 174
378 90 174 174
378 108 174 176
396 108 176 176
416 108 174 176
416 108 174 176
436 108 174 176
454 108 176 176
432 108 208 210
466 108 174 176
466 108 174 176
494 138 146 146
494 138 146 146
466 108 174 176
432 108 208 210
436 108 174 176
416 108 174 176
378 108 174 176
358 108 176 176
320 108 174 176
262 90 176 174
148 90 174 174
128 90 174 174
108 90 176 174
108 90 176 174
108 90 176 174
128 90 174 174
148 90 174 174
186 90 174 174
186 90 174 174
186 90 174 174
186 90 174 174
218 122 146 146
218 122 146 146
218 122 146 146
218 122 146 146
186 108 174 176
186 108 174 176
186 108 174 176
186 108 174 176
186 108 174 176
178 108 208 210
204 128 176 174
186 128 174 174
186 148 174 174
154 154 210 210
166 166 176 176
166 166 176 176
166 186 176 174
166 186 176 174
166 186 176 174
166 204 176 176
186 204 174 176
186 204 174 176
186 204 174 176
186 204 174 176
204 204 176 176
224 204 174 176
224 204 174 176
242 204 176 176
242 204 176 176
262 204 176 176
262 204 176 176
282 204 174 176
282 204 174 176
282 204 174 176
300 204 176 176
300 204 176 176
320 204 174 176
320 204 174 176
340 204 174 176
340 204 174 176
340 204 174 176
358 204 176 176
358 204 176 176
378 204 174 176
378 204 174 176
396 204 176 176
396 204 176 176
416 204 174 176
416 204 174 176
416 204 174 176
436 204 174 176
454 204 176 176
454 204 176 176
432 200 208 210
466 204 174 176
466 204 174 176
466 204 174 176
430 200 210 210
464 224 176 174
464 224 176 174
464 224 176 174
464 224 176 174
464 224 176 174
466 224 174 174
466 224 174 174
454 224 176 174
436 224 174 174
416 224 174 174
416 224 174 174
416 224 174 174
396 224 176 174
396 224 176 174
378 224 174 174
358 204 176 176
340 204 174 176
346 218 146 146
320 186 174 174
330 202 146 146
330 186 146 146
330 186 146 146
330 186 146 146
330 170 146 146
314 170 146 146
298 154 146 146
298 170 146 146
298 154 146 146
314 138 146 146
314 138 146 146
314 122 146 146
298 122 146 146
298 122 146 146
298 106 146 146
298 106 146 146
314 122 146 146
330 122 146 146
330 122 146 146
330 122 146 146
298 122 146 146
282 122 146 146
266 106 146 146
234 106 146 146
218 90 146 146
218 90 146 146
218 90 146 146
202 90 146 146
166 70 176 174
148 70 174 174
154 74 146 146
128 70 174 174
108 70 176 174
90 70 174 174
90 70 174 174
90 70 174 174
90 70 174 174
108 70 176 174
128 70 174 174
166 70 176 174
186 70 174 174
204 70 176 174
224 70 174 174
242 70 176 174
262 70 176 174
300 70 176 174
320 70 174 174
340 70 174 174
358 70 176 174
358 70 176 174
396 70 176 174
396 70 176 174
416 70 174 174
436 70 174 174
454 70 176 174
454 70 176 174
454 90 176 174
454 90 176 174
430 84 210 210
436 128 174 174
436 148 174 174
436 148 174 174
416 166 174 176
416 166 174 176
396 166 176 176
362 178 208 208
378 186 174 174
358 186 176 174
358 166 176 176
340 186 174 174
340 186 174 174
340 166 174 176
340 166 174 176
320 166 174 176
320 166 174 176
300 166 176 176
300 166 176 176
282 166 174 176
282 166 174 176
262 166 176 176
262 166 176 176
262 166 176 176
242 166 176 176
242 166 176 176
242 166 176 176
224 166 174 176
224 166 174 176
204 166 176 176
204 166 176 176
186 166 174 176
186 166 174 176
166 166 176 176
148 166 174 176
148 166 174 176
128 166 174 176
128 166 174 176
128 166 174 176
108 166 176 176
108 166 176 176
108 166 176 176
108 166 176 176
90 166 174 176
90 186 174 174
108 186 176 174
108 204 176 176
108 200 210 210
130 200 210 210
154 224 210 208
178 224 208 208
200 224 210 208
224 224 208 208
246 224 210 208
270 224 208 208
270 224 208 208
292 224 210 208
316 224 208 208
358 224 176 174
358 224 176 174
378 224 174 174
384 200 210 210
416 224 174 174
416 204 174 176
416 204 174 176
416 186 174 174
436 186 174 174
436 186 174 174
378 122 146 146
378 106 146 146
362 122 146 146
362 122 146 146
346 122 146 146
330 122 146 146
314 106 146 146
298 122 146 146
282 106 146 146
266 106 146 146
250 106 146 146
250 106 146 146
234 106 146 146
234 106 146 146
218 106 146 146
218 106 146 146
202 106 146 146
186 106 146 146
170 106 146 146
154 106 146 146
154 106 146 146
138 90 146 146
138 106 146 146
122 90 146 146
122 106 146 146
122 106 146 146
122 106 146 146
122 122 146 146
106 122 146 146
106 138 146 146
106 154 146 146
106 154 146 146
122 154 146 146
122 154 146 146
122 154 146 146
122 154 146 146
122 154 146 146
122 154 146 146
122 154 146 146
138 154 146 146
154 154 146 146
154 170 146 146
170 170 146 146
170 170 146 146
186 170 146 146
186 154 146 146
202 154 146 146
218 154 146 146
234 170 146 146
250 170 146 146
282 170 146 146
314 170 146 146
330 170 146 146
346 186 146 146
378 186 146 146
394 186 146 146
410 186 146 146
426 186 146 146
426 186 146 146
442 186 146 146
458 186 146 146
458 186 146 146
458 186 146 146
458 186 146 146
458 170 146 146
442 186 146 146
442 186 146 146
426 154 146 146
410 154 146 146
378 154 146 146
346 154 146 146
330 154 146 146
298 138 146 146
314 170 146 146
330 170 146 146
346 170 146 146
346 170 146 146
346 170 146 146
346 154 146 146
346 170 146 146
346 170 146 146
362 154 146 146
362 154 146 146
378 154 146 146
378 154 146 146
378 154 146 146
378 154 146 146
362 154 146 146
346 154 146 146
330 154 146 146
314 154 146 146
282 154 146 146
266 154 146 146
234 154 146 146
202 154 146 146
186 154 146 146
154 138 146 146
138 138 146 146
122 138 146 146
106 138 146 146
106 138 146 146
90 138 146 146
90 138 146 146
90 138 146 146
90 154 146 146
70 148 174 174
106 234 146 146
106 234 146 146
106 234 146 146
106 234 146 146
106 234 146 146
106 234 146 146
106 234 146 146
122 234 146 146
108 242 176 176
154 250 146 146
170 250 146 146
186 250 146 146
202 250 146 146
204 242 176 176
234 250 146 146
250 250 146 146
266 250 146 146
282 250 146 146
298 250 146 146
314 250 146 146
330 250 146 146
362 250 146 146
410 266 146 146
426 250 146 146
426 250 146 146
426 250 146 146
426 250 146 146
426 250 146 146
426 250 146 146
458 42 146 146
458 42 146 146
458 42 146 146
458 42 146 146
458 42 146 146
442 26 146 146
442 42 146 146
426 42 146 146
426 42 146 146
410 42 146 146
394 42 146 146
362 42 146 146
346 42 146 146
330 42 146 146
314 42 146 146
298 26 146 146
282 42 146 146
250 26 146 146
218 26 146 146
202 26 146 146
186 26 146 146
170 26 146 146
154 26 146 146
138 26 146 146
106 26 146 146
90 10 146 146
74 10 146 146
74 26 146 146
74 58 146 146
74 42 146 146
74 58 146 146
74 74 146 146
74 74 146 146
58 90 146 146
74 90 146 146
74 90 146 146
90 90 146 146
122 90 146 146
170 90 146 146
202 106 146 146
234 90 146 146
250 106 146 146
282 90 146 146
314 90 146 146
346 90 146 146
362 90 146 146
378 90 146 146
410 90 146 146
410 90 146 146
442 90 146 146
474 90 146 146
494 90 146 146
494 90 146 146
494 90 146 146
494 90 146 146
490 106 146 146
490 106 146 146
490 106 146 146
490 122 146 146
490 122 146 146
490 138 146 146
490 154 146 146
490 154 146 146
490 154 146 146
490 154 146 146
474 170 146 146
458 170 146 146
410 170 146 146
378 170 146 146
346 170 146 146
314 170 146 146
282 170 146 146
266 154 146 146
250 154 146 146
202 154 146 146
170 154 146 146
122 154 146 146
90 154 146 146
74 154 146 146
74 154 146 146
74 154 146 146
74 154 146 146
494 90 146 146
494 90 146 146
494 90 146 146
494 90 146 146
494 74 146 146
494 58 146 146
474 74 146 146
458 90 146 146
458 74 146 146
442 74 146 146
442 58 146 146
442 58 146 146
442 58 146 146
426 58 146 146
410 58 146 146
394 58 146 146
378 58 146 146
378 58 146 146
362 58 146 146
362 58 146 146
346 58 146 146
314 58 146 146
298 58 146 146
282 58 146 146
266 42 146 146
250 42 146 146
234 42 146 146
218 42 146 146
218 42 146 146
202 42 146 146
202 42 146 146
202 42 146 146
186 42 146 146
170 42 146 146
138 42 146 146
122 26 146 146
122 42 146 146
106 26 146 146
74 26 146 146
42 42 146 146
42 42 146 146
42 58 146 146
42 106 146 146
42 106 146 146
58 106 146 146
58 106 146 146
58 106 146 146
90 106 146 146
106 122 146 146
122 122 146 146
138 106 146 146
154 106 146 146
186 106 146 146
202 122 146 146
218 122 146 146
234 138 146 146
250 138 146 146
266 138 146 146
298 154 146 146
314 154 146 146
330 138 146 146
346 154 146 146
362 154 146 146
394 154 146 146
426 154 146 146
442 154 146 146
474 154 146 146
474 154 146 146
490 170 146 146
494 186 146 146
494 218 146 146
494 218 146 146
494 218 146 146
494 218 146 146
494 218 146 146
494 218 146 146
474 218 146 146
442 218 146 146
410 218 146 146
378 234 146 146
362 234 146 146
330 234 146 146
298 218 146 146
282 218 146 146
250 218 146 146
202 218 146 146
186 218 146 146
154 218 146 146
138 218 146 146
122 218 146 146
106 218 146 146
74 218 146 146
58 218 146 146
42 218 146 146
26 218 146 146
432 0 208 234
430 0 210 234
430 0 210 234
430 0 210 234
430 0 210 234
408 0 208 232
362 0 208 232
338 0 210 232
316 0 208 232
270 0 208 232
246 0 210 232
224 0 208 232
200 0 210 232
178 0 208 232
154 0 210 232
154 0 210 232
130 0 210 232
130 0 210 232
130 0 210 232
108 0 210 232
108 0 210 232
84 0 210 232
84 0 210 232
62 130 210 210
108 130 210 210
166 148 176 174
204 148 176 174
224 130 208 210
300 128 176 174
338 108 210 210
396 128 176 174
436 128 174 174
432 108 208 210
430 108 210 210
432 108 208 210
464 224 176 174
454 242 176 176
454 262 176 176
436 262 174 176
416 282 174 174
416 282 174 174
358 262 176 176
300 262 176 176
262 262 176 176
224 262 174 176
166 262 176 176
148 262 174 176
108 262 176 176
90 262 174 176
70 282 174 174
70 262 174 176
426 26 146 146
426 26 146 146
410 10 146 146
410 10 146 146
426 26 146 146
426 26 146 146
426 26 146 146
410 10 146 146
410 10 146 146
394 10 146 146
394 10 146 146
378 10 146 146
362 10 146 146
346 0 146 162
314 10 146 146
298 10 146 146
282 10 146 146
250 0 146 162
250 0 146 162
218 0 146 162
202 0 146 162
170 0 146 162
138 0 146 162
122 0 146 162
90 0 146 162
74 0 146 162
58 10 146 146
58 10 146 146
58 58 146 146
58 90 146 146
58 90 146 146
74 90 146 146
74 90 146 146
106 90 146 146
122 74 146 146
154 90 146 146
186 90 146 146
202 74 146 146
234 74 146 146
250 74 146 146
282 90 146 146
314 90 146 146
346 90 146 146
362 74 146 146
410 74 146 146
426 90 146 146
458 74 146 146
474 90 146 146
474 90 146 146
474 90 146 146
474 90 146 146
474 106 146 146
490 138 146 146
490 138 146 146
494 138 146 146
490 138 146 146
442 138 146 146
410 138 146 146
378 138 146 146
346 138 146 146
330 138 146 146
282 138 146 146
250 138 146 146
218 138 146 146
186 138 146 146
154 138 146 146
122 122 146 146
122 122 146 146
106 122 146 146
106 122 146 146
106 122 146 146
106 122 146 146
106 122 146 146
106 138 146 146
106 138 146 146
474 10 146 146
474 10 146 146
474 10 146 146
474 10 146 146
474 10 146 146
474 10 146 146
474 10 146 146
474 10 146 146
458 10 146 146
426 0 146 162
410 0 146 162
394 0 146 162
378 0 146 162
346 0 146 162
314 0 146 162
282 0 146 162
266 0 146 162
250 0 146 162
218 0 146 162
186 0 146 162
154 10 146 146
122 10 146 146
106 10 146 146
74 10 146 146
74 10 146 146
74 10 146 146
58 10 146 146
42 42 146 146
42 74 146 146
42 74 146 146
42 74 146 146
74 74 146 146
106 74 146 146
138 74 146 146
170 90 146 146
186 90 146 146
218 90 146 146
266 90 146 146
282 90 146 146
314 90 146 146
362 90 146 146
410 74 146 146
458 74 146 146
490 74 146 146
494 74 146 146
494 122 146 146
494 122 146 146
494 122 146 146
490 122 146 146
490 122 146 146
458 122 146 146
426 138 146 146
410 122 146 146
378 122 146 146
346 122 146 146
314 122 146 146
282 138 146 146
234 138 146 146
186 138 146 146
122 138 146 146
90 138 146 146
74 122 146 146
58 122 146 146
42 122 146 146
42 122 146 146
42 106 146 146
42 122 146 146
42 122 146 146
42 122 146 146
42 122 146 146
442 58 146 146
442 58 146 146
442 58 146 146
442 58 146 146
442 58 146 146
442 58 146 146
442 58 146 146
426 58 146 146
410 58 146 146
394 58 146 146
378 58 146 146
346 42 146 146
330 42 146 146
298 42 146 146
250 42 146 146
234 42 146 146
202 42 146 146
186 42 146 146
170 42 146 146
138 42 146 146
138 42 146 146
138 42 146 146
138 42 146 146
138 74 146 146
138 90 146 146
154 90 146 146
170 90 146 146
186 90 146 146
218 90 146 146
250 90 146 146
298 90 146 146
362 106 146 146
474 122 146 146
474 122 146 146
474 122 146 146
474 106 146 146
474 122 146 146
474 122 146 146
490 138 146 146
474 154 146 146
474 154 146 146
474 138 146 146
458 138 146 146
426 138 146 146
394 138 146 146
330 138 146 146
298 138 146 146
250 138 146 146
218 138 146 146
186 122 146 146
170 122 146 146
138 106 146 146
122 106 146 146
106 106 146 146
106 106 146 146
90 106 146 146
90 106 146 146
90 106 146 146
90 106 146 146
90 106 146 146
90 106 146 146
90 106 146 146
90 106 146 146
90 106 146 146
90 106 146 146
490 42 146 146
490 42 146 146
490 42 146 146
474 42 146 146
474 42 146 146
474 42 146 146
474 42 146 146
474 42 146 146
458 42 146 146
442 42 146 146
426 42 146 146
394 42 146 146
378 42 146 146
362 26 146 146
330 26 146 146
314 26 146 146
298 26 146 146
266 26 146 146
250 26 146 146
218 10 146 146
202 26 146 146
154 26 146 146
154 26 146 146
154 26 146 146
154 42 146 146
154 90 146 146
154 90 146 146
170 90 146 146
186 90 146 146
202 90 146 146
234 90 146 146
266 90 146 146
298 90 146 146
314 90 146 146
346 90 146 146
362 90 146 146
394 90 146 146
426 90 146 146
458 90 146 146
490 90 146 146
494 90 146 146
494 90 146 146
494 90 146 146
494 90 146 146
494 106 146 146
494 138 146 146
494 154 146 146
494 170 146 146
490 170 146 146
474 170 146 146
426 170 146 146
394 170 146 146
362 170 146 146
330 170 146 146
298 170 146 146
250 170 146 146
218 154 146 146
186 154 146 146
138 154 146 146
122 154 146 146
106 154 146 146
90 154 146 146
90 154 146 146
90 154 146 146
90 154 146 146
90 154 146 146
90 138 146 146
454 108 176 176
454 108 176 176
454 108 176 176
474 122 146 146
454 108 176 176
458 122 146 146
458 122 146 146
458 106 146 146
458 122 146 146
442 122 146 146
442 106 146 146
442 106 146 146
442 106 146 146
416 90 174 174
426 106 146 146
410 106 146 146
410 106 146 146
394 106 146 146
378 90 146 146
358 70 176 174
330 106 146 146
314 90 146 146
282 106 146 146
266 106 146 146
234 106 146 146
218 106 146 146
186 106 146 146
154 122 146 146
138 138 146 146
154 138 146 146
202 138 146 146
204 148 176 174
224 148 174 174
242 148 176 174
224 148 174 174
202 138 146 146
90 154 146 146
90 154 146 146
106 202 146 146
122 202 146 146
154 186 146 146
170 170 146 146
202 170 146 146
234 170 146 146
282 154 146 146
298 154 146 146
394 170 146 146
410 154 146 146
426 170 146 146
442 170 146 146
442 170 146 146
442 170 146 146
426 170 146 146
426 170 146 146
410 170 146 146
410 170 146 146
426 170 146 146
426 170 146 146
426 170 146 146
426 170 146 146
426 170 146 146
426 170 146 146
426 170 146 146
426 170 146 146
442 202 146 146
442 218 146 146
436 242 174 176
436 242 174 176
436 262 174 176
436 262 174 176
396 242 176 176
394 266 146 146
358 262 176 176
340 262 174 176
300 242 176 176
262 242 176 176
224 242 174 176
204 242 176 176
130 246 210 210
128 262 174 176
108 242 176 176
108 242 176 176
90 242 174 176
90 224 174 174
442 122 146 146
442 122 146 146
442 122 146 146
442 122 146 146
442 122 146 146
442 122 146 146
442 106 146 146
442 106 146 146
426 106 146 146
410 106 146 146
394 106 146 146
378 106 146 146
362 122 146 146
346 122 146 146
314 122 146 146
298 122 146 146
266 122 146 146
250 122 146 146
218 122 146 146
218 106 146 146
218 122 146 146
218 122 146 146
202 122 146 146
170 122 146 146
122 106 146 146
122 106 146 146
106 122 146 146
90 122 146 146
90 122 146 146
90 122 146 146
106 154 146 146
106 154 146 146
122 154 146 146
138 154 146 146
186 154 146 146
202 154 146 146
250 170 146 146
266 170 146 146
298 170 146 146
314 170 146 146
330 170 146 146
346 170 146 146
378 186 146 146
378 170 146 146
394 154 146 146
394 170 146 146
410 154 146 146
410 154 146 146
426 154 146 146
426 154 146 146
426 154 146 146
426 154 146 146
426 154 146 146
410 154 146 146
410 154 146 146
410 154 146 146
410 154 146 146
410 154 146 146
410 186 146 146
410 218 146 146
426 202 146 146
426 202 146 146
410 234 146 146
426 234 146 146
442 250 146 146
442 250 146 146
442 250 146 146
442 250 146 146
416 242 174 176
426 250 146 146
394 234 146 146
378 234 146 146
362 234 146 146
340 224 174 174
314 234 146 146
282 234 146 146
234 234 146 146
218 234 146 146
170 234 146 146
154 250 146 146
138 234 146 146
122 250 146 146
106 250 146 146
106 234 146 146
74 250 146 146
396 108 176 176
396 108 176 176
396 108 176 176
384 84 210 210
384 84 210 210
396 108 176 176
396 108 176 176
396 108 176 176
378 108 174 176
358 108 176 176
358 108 176 176
320 108 174 176
300 108 176 176
242 108 176 176
200 108 210 210
178 108 208 210
154 108 210 210
108 108 210 210
48 130 250 250
84 154 210 210
74 130 252 250
108 154 210 210
130 154 210 210
154 154 210 210
178 154 208 210
178 154 208 210
224 130 208 210
246 130 210 210
316 130 208 210
338 108 210 210
362 108 208 210
384 108 210 210
408 130 208 210
430 130 210 210
430 130 210 210
430 130 210 210
430 130 210 210
430 130 210 210
432 178 208 208
432 178 208 208
432 200 208 210
388 186 252 250
388 186 252 250
378 186 252 250
352 186 250 250
362 224 208 208
338 224 210 208
316 224 208 208
270 224 208 208
270 224 208 208
246 224 210 208
246 224 210 208
200 224 210 208
200 224 210 208
154 224 210 208
130 224 210 208
84 224 210 208
62 224 210 208
378 154 146 146
378 154 146 146
378 154 146 146
378 154 146 146
362 138 146 146
346 138 146 146
346 122 146 146
346 122 146 146
346 122 146 146
330 122 146 146
330 122 146 146
330 122 146 146
330 122 146 146
330 122 146 146
314 122 146 146
314 122 146 146
330 122 146 146
346 122 146 146
346 122 146 146
346 122 146 146
346 122 146 146
346 122 146 146
330 122 146 146
314 122 146 146
218 170 146 146
234 170 146 146
358 148 176 174
378 148 174 174
396 148 176 174
416 148 174 174
396 148 176 174
378 148 174 174
378 148 174 174
378 148 174 174
378 148 174 174
378 166 174 176
396 204 176 176
396 224 176 174
416 242 174 176
408 224 208 208
408 246 208 210
408 246 208 210
408 270 208 208
384 270 210 208
316 270 208 208
246 246 210 210
224 246 208 210
224 246 208 210
200 246 210 210
178 246 208 210
178 246 208 210
154 246 210 210
130 246 210 210
108 246 210 210
84 246 210 210
84 246 210 210
84 246 210 210
148 242 174 176
282 202 146 146
362 202 146 146
426 74 146 146
426 74 146 146
410 74 146 146
410 74 146 146
378 74 146 146
378 74 146 146
346 74 146 146
330 74 146 146
298 58 146 146
266 74 146 146
218 74 146 146
202 74 146 146
170 74 146 146
154 74 146 146
122 90 146 146
106 90 146 146
106 186 146 146
122 186 146 146
138 170 146 146
154 170 146 146
170 170 146 146
186 170 146 146
202 170 146 146
204 148 176 174
204 148 176 174
224 148 174 174
266 170 146 146
266 170 146 146
298 170 146 146
314 170 146 146
330 170 146 146
330 170 146 146
346 170 146 146
362 170 146 146
378 170 146 146
394 170 146 146
378 186 146 146
378 186 146 146
378 186 146 146
378 186 146 146
416 166 174 176
442 170 146 146
458 170 146 146
474 170 146 146
454 166 176 176
454 166 176 176
436 204 174 176
458 250 146 146
454 242 176 176
454 242 176 176
466 262 174 176
466 262 174 176
454 262 176 176
436 262 174 176
416 262 174 176
396 262 176 176
358 262 176 176
340 262 174 176
300 262 176 176
282 282 174 174
242 282 176 174
224 282 174 174
186 282 174 174
186 282 174 174
128 282 174 174
128 282 174 174
108 262 176 176
128 262 174 176
128 262 174 176
154 282 146 146
128 262 174 176
128 262 174 176
128 262 174 176
108 262 176 176
84 246 210 210
90 262 174 176
62 246 210 210
70 262 174 176
70 242 174 176
394 74 146 146
394 74 146 146
394 74 146 146
394 74 146 146
394 74 146 146
394 74 146 146
394 74 146 146
362 90 146 146
330 74 146 146
314 74 146 146
298 74 146 146
266 74 146 146
218 74 146 146
154 74 146 146
122 74 146 146
90 74 146 146
74 74 146 146
170 138 146 146
170 138 146 146
170 138 146 146
170 138 146 146
170 138 146 146
170 122 146 146
170 122 146 146
186 138 146 146
202 138 146 146
202 138 146 146
234 138 146 146
250 138 146 146
266 138 146 146
266 138 146 146
282 122 146 146
298 138 146 146
314 138 146 146
330 138 146 146
346 138 146 146
362 138 146 146
378 138 146 146
378 138 146 146
394 138 146 146
394 138 146 146
410 122 146 146
410 122 146 146
394 138 146 146
394 138 146 146
394 138 146 146
394 138 146 146
394 138 146 146
394 138 146 146
394 138 146 146
394 138 146 146
410 122 146 146
410 122 146 146
426 122 146 146
442 122 146 146
442 122 146 146
442 122 146 146
442 138 146 146
442 170 146 146
442 186 146 146
442 186 146 146
442 202 146 146
442 202 146 146
426 202 146 146
426 202 146 146
426 218 146 146
426 218 146 146
410 218 146 146
410 218 146 146
378 224 174 174
378 234 146 146
378 234 146 146
362 234 146 146
340 224 174 174
346 250 146 146
330 250 146 146
314 250 146 146
298 234 146 146
282 234 146 146
266 250 146 146
250 250 146 146
204 242 176 176
218 250 146 146
202 234 146 146
202 234 146 146
170 250 146 146
154 250 146 146
108 242 176 176
70 242 174 176
12 242 176 176
122 202 146 146
330 186 146 146
410 74 146 146
410 74 146 146
396 70 176 174
410 74 146 146
410 90 146 146
394 90 146 146
378 90 146 146
358 70 176 174
362 90 146 146
340 70 174 174
330 90 146 146
330 90 146 146
314 90 146 146
298 90 146 146
266 90 146 146
250 90 146 146
218 90 146 146
186 70 174 174
166 70 176 174
166 70 176 174
166 70 176 174
148 70 174 174
108 70 176 174
90 70 174 174
70 70 174 174
70 70 174 174
52 70 174 174
52 148 174 174
58 170 146 146
52 148 174 174
52 148 174 174
74 170 146 146
90 148 174 174
108 128 176 174
108 128 176 174
128 128 174 174
170 154 146 146
186 128 174 174
204 128 176 174
234 154 146 146
250 154 146 146
266 154 146 146
298 154 146 146
314 170 146 146
346 154 146 146
362 154 146 146
378 148 174 174
410 154 146 146
416 148 174 174
416 148 174 174
442 170 146 146
416 166 174 176
108 224 176 174
426 90 146 146
426 90 146 146
426 90 146 146
426 90 146 146
426 90 146 146
426 90 146 146
426 90 146 146
426 90 146 146
410 90 146 146
410 90 146 146
394 90 146 146
394 90 146 146
378 90 146 146
378 90 146 146
362 90 146 146
362 90 146 146
362 90 146 146
346 90 146 146
346 90 146 146
330 90 146 146
330 90 146 146
330 90 146 146
330 106 146 146
314 106 146 146
314 106 146 146
314 106 146 146
314 106 146 146
314 106 146 146
314 122 146 146
314 122 146 146
314 122 146 146
314 122 146 146
314 138 146 146
330 138 146 146
330 122 146 146
320 128 174 174
362 138 146 146
362 122 146 146
378 122 146 146
394 122 146 146
394 122 146 146
410 122 146 146
410 122 146 146
426 122 146 146
442 122 146 146
442 122 146 146
458 122 146 146
454 108 176 176
454 108 176 176
474 122 146 146
466 128 174 174
466 128 174 174
466 148 174 174
466 148 174 174
466 148 174 174
466 148 174 174
454 148 176 174
454 148 176 174
436 148 174 174
436 148 174 174
416 148 174 174
396 148 176 174
394 154 146 146
394 154 146 146
362 154 146 146
362 154 146 146
330 154 146 146
330 154 146 146
314 154 146 146
298 154 146 146
298 154 146 146
282 154 146 146
282 154 146 146
282 154 146 146
282 154 146 146
282 154 146 146
282 154 146 146
282 154 146 146
282 154 146 146
298 154 146 146
298 154 146 146
298 154 146 146
314 138 146 146
314 138 146 146
346 138 146 146
346 138 146 146
346 138 146 146
346 138 146 146
346 138 146 146
346 138 146 146
346 138 146 146
346 138 146 146
346 138 146 146
330 138 146 146
314 138 146 146
298 138 146 146
266 138 146 146
266 138 146 146
250 138 146 146
234 138 146 146
234 138 146 146
234 138 146 146
218 138 146 146
218 138 146 146
218 138 146 146
218 154 146 146
234 154 146 146
234 154 146 146
234 154 146 146
234 154 146 146
250 154 146 146
266 154 146 146
298 154 146 146
298 154 146 146
314 154 146 146
330 154 146 146
346 154 146 146
346 138 146 146
362 154 146 146
378 138 146 146
378 154 146 146
378 154 146 146
394 154 146 146
394 154 146 146
394 154 146 146
394 154 146 146
394 154 146 146
394 154 146 146
394 170 146 146
394 170 146 146
394 170 146 146
394 170 146 146
378 170 146 146
362 170 146 146
346 170 146 146
330 170 146 146
314 170 146 146
298 170 146 146
282 170 146 146
282 170 146 146
266 170 146 146
250 170 146 146
234 170 146 146
234 170 146 146
218 170 146 146
218 170 146 146
202 170 146 146
202 170 146 146
202 170 146 146
202 170 146 146
202 170 146 146
202 170 146 146
202 170 146 146
218 154 146 146
218 154 146 146
218 154 146 146
218 154 146 146
218 154 146 146
218 154 146 146
218 154 146 146
234 154 146 146
234 154 146 146
234 154 146 146
234 154 146 146
250 154 146 146
250 154 146 146
250 154 146 146
250 154 146 146
250 154 146 146
338 16 210 210
338 16 210 210
338 16 210 210
338 16 210 210
338 16 210 210
338 16 210 210
338 16 210 210
338 16 210 210
338 16 210 210
338 16 210 210
338 16 210 210
316 16 208 210
316 16 208 210
292 16 210 210
270 16 208 210
246 16 210 210
224 16 208 210
200 16 210 210
200 16 210 210
178 16 208 210
154 16 210 210
130 0 250 278
130 16 210 210
102 0 252 278
102 0 252 278
108 16 210 210
108 16 210 210
108 38 210 210
108 62 210 210
74 48 252 250
74 48 252 250
108 62 210 210
108 62 210 210
154 62 210 210
178 62 208 210
224 62 208 210
246 62 210 210
292 62 210 210
292 62 210 210
338 62 210 210
338 62 210 210
362 62 208 210
362 62 208 210
362 62 208 210
352 48 250 250
352 74 250 252
352 74 250 252
352 102 250 252
352 102 250 252
352 102 250 252
352 102 250 252
362 108 208 210
324 102 250 252
296 102 250 252
292 108 210 210
246 108 210 210
224 108 208 210
200 108 210 210
178 108 208 210
130 102 250 252
130 108 210 210
108 108 210 210
108 108 210 210
84 108 210 210
84 108 210 210
84 108 210 210
48 74 250 252
48 74 250 252
48 74 250 252
138 154 146 146
108 148 176 174
122 154 146 146
106 154 146 146
90 148 174 174
70 148 174 174
70 148 174 174
70 148 174 174
52 148 174 174
52 148 174 174
32 148 174 174
12 148 176 174
52 166 174 176
52 166 174 176
90 166 174 176
90 166 174 176
108 166 176 176
128 166 174 176
148 166 174 176
166 166 176 176
186 166 174 176
186 166 174 176
204 166 176 176
204 166 176 176
204 166 176 176
204 148 176 174
224 166 174 176
224 166 174 176
224 166 174 176
224 186 174 174
242 204 176 176
242 204 176 176
224 204 174 176
224 204 174 176
204 204 176 176
186 204 174 176
166 204 176 176
166 204 176 176
128 204 174 176
108 204 176 176
90 204 174 176
38 178 210 208
52 204 174 176
16 178 210 208
0 178 232 208
58 186 146 146
122 186 146 146
154 170 146 146
262 70 176 174
266 90 146 146
266 90 146 146
266 90 146 146
266 90 146 146
266 90 146 146
262 70 176 174
242 70 176 174
242 70 176 174
250 74 146 146
218 90 146 146
204 70 176 174
186 74 146 146
166 70 176 174
148 70 174 174
128 70 174 174
108 70 176 174
108 70 176 174
90 70 174 174
90 90 146 146
74 90 146 146
74 90 146 146
58 90 146 146
58 90 146 146
58 90 146 146
52 90 174 174
52 108 174 176
52 108 174 176
52 108 174 176
52 108 174 176
70 108 174 176
90 108 174 176
108 90 176 174
128 90 174 174
148 90 174 174
170 106 146 146
186 90 174 174
202 106 146 146
234 106 146 146
250 106 146 146
266 106 146 146
266 106 146 146
282 106 146 146
298 106 146 146
298 106 146 146
314 106 146 146
314 106 146 146
330 122 146 146
330 122 146 146
330 122 146 146
320 128 174 174
320 128 174 174
320 128 174 174
320 128 174 174
320 128 174 174
330 154 146 146
314 138 146 146
300 128 176 174
282 128 174 174
262 128 176 174
266 154 146 146
242 128 176 174
234 154 146 146
218 154 146 146
202 154 146 146
202 154 146 146
170 154 146 146
154 154 146 146
122 154 146 146
122 154 146 146
90 154 146 146
74 154 146 146
234 90 146 146
234 90 146 146
234 90 146 146
218 90 146 146
202 90 146 146
186 90 146 146
186 90 146 146
154 90 146 146
138 90 146 146
106 90 146 146
106 90 146 146
90 90 146 146
74 90 146 146
58 90 146 146
58 90 146 146
58 122 146 146
90 122 146 146
106 122 146 146
122 122 146 146
138 122 146 146
148 108 174 176
166 108 176 176
186 108 174 176
218 106 146 146
250 106 146 146
266 106 146 146
298 106 146 146
314 106 146 146
320 128 174 174
320 128 174 174
320 148 174 174
320 148 174 174
320 148 174 174
320 148 174 174
300 128 176 174
282 128 174 174
266 138 146 146
250 138 146 146
234 138 146 146
218 138 146 146
186 138 146 146
166 128 176 174
154 138 146 146
138 138 146 146
90 128 174 174
70 128 174 174
52 128 174 174
74 138 146 146
90 138 146 146
106 138 146 146
122 138 146 146
138 122 146 146
154 122 146 146
166 108 176 176
166 108 176 176
204 108 176 176
204 108 176 176
262 108 176 176
262 108 176 176
262 108 176 176
262 108 176 176
262 108 176 176
262 108 176 176
266 106 146 146
242 108 176 176
224 108 174 176
234 106 146 146
202 106 146 146
186 106 146 146
148 108 174 176
128 108 174 176
108 108 176 176
108 108 176 176
90 106 146 146
70 90 174 174
52 108 174 176
32 90 174 174
52 148 174 174
70 148 174 174
108 148 176 174
108 148 176 174
148 148 174 174
148 148 174 174
186 148 174 174
186 148 174 174
204 148 176 174
224 148 174 174
242 128 176 174
266 138 146 146
262 128 176 174
282 128 174 174
300 128 176 174
320 128 174 174
346 138 146 146
340 128 174 174
340 128 174 174
362 138 146 146
362 138 146 146
358 148 176 174
358 148 176 174
358 148 176 174
358 166 176 176
358 166 176 176
358 166 176 176
358 186 176 174
358 186 176 174
358 186 176 174
362 186 146 146
340 186 174 174
320 186 174 174
300 166 176 176
262 166 176 176
242 166 176 176
224 166 174 176
204 166 176 176
154 154 210 210
166 166 176 176
108 166 176 176
90 166 174 176
38 154 210 210
38 154 210 210
378 58 146 146
378 58 146 146
378 58 146 146
378 58 146 146
378 58 146 146
378 58 146 146
378 58 146 146
378 58 146 146
378 58 146 146
378 58 146 146
378 58 146 146
378 58 146 146
378 58 146 146
378 58 146 146
378 58 146 146
378 58 146 146
378 58 146 146
378 58 146 146
378 58 146 146
358 52 176 174
362 58 146 146
346 58 146 146
320 52 174 174
330 58 146 146
314 58 146 146
298 58 146 146
262 52 176 174
266 58 146 146
242 52 176 174
250 58 146 146
250 58 146 146
224 70 174 174
234 90 146 146
234 90 146 146
234 106 146 146
234 106 146 146
234 106 146 146
250 106 146 146
250 106 146 146
266 106 146 146
282 106 146 146
314 106 146 146
330 106 146 146
346 106 146 146
346 106 146 146
362 106 146 146
362 106 146 146
358 90 176 174
358 108 176 176
378 106 146 146
378 122 146 146
378 138 146 146
378 154 146 146
358 148 176 174
378 170 146 146
358 166 176 176
358 166 176 176
362 186 146 146
362 186 146 146
346 186 146 146
330 186 146 146
298 186 146 146
282 186 146 146
266 186 146 146
250 186 146 146
234 186 146 146
202 186 146 146
186 166 174 176
186 186 146 146
166 166 176 176
166 166 176 176
166 166 176 176
166 166 176 176
166 166 176 176
166 166 176 176
166 166 176 176
186 170 146 146
186 170 146 146
166 166 176 176
186 170 146 146
186 170 146 146
186 170 146 146
298 170 146 146
298 170 146 146
298 170 146 146
298 170 146 146
298 170 146 146
298 170 146 146
298 170 146 146
298 170 146 146
298 170 146 146
298 170 146 146
298 170 146 146
298 170 146 146
298 170 146 146
298 170 146 146
298 170 146 146
298 170 146 146
298 170 146 146
298 170 146 146
298 170 146 146
314 170 146 146
330 170 146 146
330 170 146 146
346 170 146 146
346 170 146 146
362 154 146 146
362 170 146 146
362 170 146 146
362 170 146 146
378 154 146 146
378 154 146 146
362 170 146 146
362 170 146 146
346 170 146 146
330 170 146 146
314 170 146 146
298 170 146 146
282 170 146 146
266 170 146 146
250 170 146 146
218 170 146 146
218 170 146 146
202 170 146 146
202 170 146 146
202 170 146 146
202 186 146 146
202 186 146 146
202 186 146 146
202 202 146 146
186 202 146 146
186 202 146 146
186 202 146 146
186 202 146 146
202 218 146 146
202 218 146 146
218 202 146 146
234 202 146 146
250 202 146 146
266 202 146 146
298 202 146 146
314 202 146 146
330 202 146 146
346 202 146 146
346 202 146 146
362 202 146 146
362 202 146 146
362 218 146 146
362 218 146 146
362 218 146 146
362 234 146 146
362 234 146 146
362 234 146 146
362 250 146 146
362 250 146 146
378 234 146 146
362 234 146 146
346 250 146 146
330 234 146 146
314 234 146 146
298 234 146 146
266 250 146 146
250 250 146 146
234 250 146 146
202 250 146 146
186 250 146 146
170 250 146 146
170 250 146 146
170 250 146 146
170 250 146 146
170 234 146 146
186 218 146 146
202 218 146 146
202 202 146 146
202 186 146 146
202 186 146 146
218 170 146 146
218 154 146 146
218 154 146 146
218 154 146 146
388 20 252 250
388 20 252 250
388 20 252 250
388 20 252 250
388 20 252 250
388 20 252 250
388 20 252 250
378 20 252 250
378 20 252 250
352 20 250 250
352 20 250 250
296 20 250 250
268 20 252 250
240 20 252 250
240 20 252 250
214 20 250 250
214 20 250 250
224 62 208 210
224 62 208 210
224 84 208 210
186 74 250 252
186 102 250 252
186 102 250 252
186 102 250 252
186 130 250 250
186 130 250 250
214 130 250 250
240 130 252 250
268 130 252 250
296 130 250 250
290 90 300 300
352 130 250 250
340 90 300 300
388 130 252 250
388 130 252 250
388 130 252 250
338 124 302 300
388 158 252 250
388 186 252 250
388 186 252 250
388 186 252 250
388 214 252 250
388 186 252 250
340 180 300 300
352 214 250 250
324 214 250 250
240 214 252 250
214 214 250 250
186 214 250 250
186 214 250 250
158 214 250 250
158 214 250 250
158 214 250 250
158 214 250 250
158 214 250 250
158 214 250 250
158 186 250 250
158 158 250 250
200 130 210 210
224 108 208 210
224 108 208 210
378 122 146 146
378 122 146 146
378 122 146 146
378 122 146 146
378 122 146 146
340 90 174 174
330 106 146 146
314 106 146 146
262 90 176 174
262 90 176 174
250 90 146 146
224 70 174 174
224 90 174 174
224 90 174 174
204 108 176 176
204 128 176 174
204 128 176 174
186 148 174 174
154 130 210 210
166 148 176 174
166 166 176 176
154 154 210 210
178 154 208 210
200 154 210 210
224 154 208 210
282 148 174 174
292 154 210 210
340 166 174 176
358 166 176 176
378 166 174 176
416 166 174 176
416 166 174 176
436 166 174 176
436 186 174 174
430 178 210 208
430 200 210 210
432 224 208 208
432 224 208 208
432 224 208 208
432 224 208 208
430 224 210 208
408 224 208 208
384 246 210 210
362 224 208 208
338 224 210 208
292 224 210 208
300 242 176 176
270 224 208 208
246 224 210 208
224 224 208 208
224 224 208 208
200 224 210 208
200 224 210 208
200 224 210 208
200 224 210 208
200 224 210 208
200 224 210 208
200 200 210 210
200 200 210 210
410 90 146 146
410 90 146 146
410 90 146 146
410 90 146 146
410 90 146 146
426 90 146 146
426 90 146 146
426 74 146 146
416 70 174 174
426 90 146 146
426 90 146 146
394 74 146 146
358 70 176 174
346 74 146 146
330 74 146 146
314 74 146 146
282 74 146 146
262 70 176 174
266 74 146 146
266 74 146 146
242 70 176 174
224 90 174 174
224 90 174 174
204 108 176 176
204 128 176 174
204 128 176 174
204 148 176 174
178 130 208 210
204 148 176 174
204 148 176 174
200 130 210 210
270 130 208 210
316 130 208 210
338 130 210 210
362 108 208 210
384 108 210 210
408 108 208 210
408 108 208 210
430 130 210 210
430 130 210 210
430 154 210 210
430 178 210 208
430 178 210 208
430 200 210 210
430 200 210 210
430 200 210 210
378 186 252 250
384 200 210 210
362 200 208 210
316 200 208 210
300 242 176 176
224 246 208 210
200 246 210 210
186 262 174 176
154 246 210 210
130 270 210 208
108 270 210 208
84 270 210 208
62 270 210 208
62 270 210 208
84 246 210 210
84 224 210 208
108 200 210 210
130 154 210 210
148 148 174 174
166 128 176 174
202 122 146 146
330 122 146 146
330 122 146 146
330 122 146 146
330 122 146 146
330 122 146 146
330 122 146 146
330 122 146 146
330 122 146 146
330 122 146 146
330 122 146 146
330 122 146 146
330 122 146 146
330 122 146 146
330 122 146 146
298 122 146 146
282 122 146 146
266 122 146 146
250 122 146 146
234 122 146 146
218 122 146 146
218 122 146 146
202 122 146 146
202 122 146 146
202 122 146 146
186 138 146 146
186 154 146 146
186 154 146 146
186 170 146 146
186 170 146 146
166 148 176 174
186 170 146 146
186 148 174 174
204 148 176 174
224 148 174 174
262 148 176 174
282 148 174 174
300 148 176 174
320 148 174 174
340 148 174 174
358 148 176 174
358 166 176 176
358 166 176 176
358 166 176 176
378 186 174 174
378 186 174 174
378 186 174 174
362 154 208 210
362 178 208 208
358 186 176 174
316 178 208 208
292 178 210 208
270 200 208 210
246 200 210 210
224 200 208 210
178 200 208 210
186 224 174 174
154 200 210 210
166 224 176 174
130 200 210 210
130 200 210 210
166 204 176 176
166 186 176 174
166 166 176 176
186 166 174 176
234 154 146 146
250 138 146 146
250 138 146 146
266 138 146 146
358 108 176 176
358 108 176 176
358 108 176 176
358 108 176 176
358 108 176 176
358 108 176 176
358 108 176 176
358 108 176 176
358 108 176 176
358 108 176 176
358 108 176 176
358 108 176 176
358 108 176 176
358 108 176 176
358 108 176 176
358 108 176 176
362 106 146 146
362 122 146 146
340 108 174 176
346 122 146 146
330 122 146 146
282 108 174 176
262 108 176 176
266 122 146 146
250 122 146 146
224 108 174 176
204 108 176 176
204 108 176 176
218 122 146 146
204 128 176 174
204 128 176 174
204 166 176 176
204 166 176 176
204 166 176 176
204 186 176 174
204 186 176 174
204 186 176 174
204 186 176 174
200 178 210 208
224 186 174 174
242 186 176 174
282 186 174 174
270 178 208 208
292 154 210 210
320 166 174 176
340 166 174 176
378 166 174 176
362 154 208 210
396 166 176 176
384 154 210 210
416 186 174 174
416 204 174 176
416 204 174 176
416 224 174 174
416 242 174 176
416 242 174 176
416 242 174 176
416 242 174 176
396 242 176 176
378 242 174 176
340 242 174 176
282 266 146 146
224 262 174 176
148 282 174 174
130 246 210 210
166 242 176 176
178 178 208 208
416 90 174 174
416 90 174 174
416 90 174 174
416 90 174 174
416 90 174 174
396 90 176 174
396 90 176 174
396 90 176 174
396 70 176 174
396 90 176 174
396 90 176 174
396 90 176 174
396 90 176 174
378 90 174 174
320 90 174 174
300 90 176 174
282 90 174 174
282 90 174 174
262 90 176 174
266 106 146 146
242 108 176 176
242 108 176 176
242 128 176 174
242 148 176 174
224 186 174 174
224 186 174 174
224 204 174 176
224 204 174 176
224 204 174 176
242 204 176 176
246 178 210 208
246 178 210 208
300 204 176 176
316 178 208 208
362 178 208 208
396 204 176 176
384 178 210 208
408 178 208 208
408 178 208 208
430 224 210 208
396 262 176 176
378 262 174 176
358 262 176 176
320 262 174 176
128 262 174 176
148 242 174 176
130 200 210 210
166 186 176 174
426 90 146 146
426 90 146 146
410 90 146 146
410 90 146 146
410 90 146 146
410 90 146 146
410 90 146 146
410 90 146 146
394 90 146 146
378 90 146 146
362 90 146 146
362 90 146 146
362 90 146 146
346 90 146 146
346 90 146 146
330 90 146 146
330 90 146 146
298 90 146 146
298 90 146 146
282 90 146 146
266 90 146 146
234 90 146 146
218 90 146 146
186 74 146 146
186 74 146 146
170 74 146 146
148 70 174 174
154 90 146 146
154 106 146 146
154 122 146 146
154 122 146 146
148 128 174 174
170 122 146 146
166 128 176 174
186 128 174 174
224 128 174 174
266 138 146 146
298 138 146 146
330 154 146 146
346 154 146 146
362 170 146 146
394 170 146 146
410 170 146 146
426 170 146 146
442 170 146 146
458 170 146 146
474 170 146 146
474 170 146 146
474 170 146 146
490 186 146 146
494 202 146 146
464 186 176 174
464 204 176 176
464 204 176 176
464 242 176 176
454 224 176 174
416 224 174 174
416 224 174 174
358 204 176 176
320 204 174 176
292 200 210 210
270 200 208 210
262 224 176 174
224 224 208 208
178 200 208 210
154 200 210 210
130 200 210 210
108 200 210 210
84 200 210 210
378 170 146 146
378 170 146 146
378 170 146 146
378 170 146 146
378 170 146 146
362 170 146 146
362 170 146 146
346 170 146 146
330 154 146 146
330 154 146 146
314 154 146 146
298 154 146 146
282 154 146 146
266 154 146 146
234 154 146 146
218 154 146 146
202 154 146 146
170 154 146 146
170 154 146 146
138 154 146 146
122 154 146 146
106 138 146 146
106 138 146 146
90 138 146 146
90 154 146 146
58 138 146 146
42 154 146 146
58 186 146 146
74 186 146 146
90 202 146 146
122 202 146 146
138 202 146 146
186 204 174 176
224 204 174 176
250 218 146 146
266 218 146 146
298 218 146 146
298 234 146 146
330 218 146 146
346 218 146 146
346 218 146 146
362 218 146 146
394 234 146 146
394 234 146 146
410 234 146 146
426 234 146 146
442 234 146 146
442 234 146 146
458 234 146 146
458 234 146 146
474 250 146 146
490 266 146 146
490 266 146 146
490 282 146 146
494 282 146 146
464 262 176 176
464 282 176 174
466 282 174 174
454 282 176 174
442 298 146 146
394 298 146 146
362 298 146 146
330 282 146 146
298 298 146 146
282 298 146 146
266 282 146 146
234 298 146 146
234 298 146 146
186 298 146 146
154 298 146 146
154 298 146 146
122 282 146 146
90 282 146 146
52 282 174 174
384 38 210 210
352 20 250 250
362 38 208 210
384 38 210 210
384 38 210 210
362 38 208 210
362 38 208 210
362 38 208 210
362 38 208 210
338 38 210 210
316 38 208 210
316 38 208 210
292 38 210 210
270 38 208 210
270 38 208 210
246 38 210 210
214 0 250 278
224 16 208 210
186 0 250 278
200 16 210 210
158 0 250 278
178 16 208 210
154 16 210 210
130 16 210 210
130 16 210 210
130 16 210 210
130 0 250 278
102 20 252 250
102 20 252 250
102 48 252 250
102 48 252 250
102 74 252 252
102 74 252 252
102 74 252 252
130 74 250 252
130 74 250 252
186 74 250 252
186 102 250 252
214 102 250 252
246 130 210 210
246 130 210 210
270 130 208 210
292 154 210 210
292 154 210 210
316 154 208 210
338 154 210 210
338 130 210 210
384 154 210 210
408 154 208 210
408 154 208 210
430 154 210 210
430 154 210 210
430 154 210 210
430 178 210 208
388 158 252 250
432 200 208 210
430 200 210 210
430 200 210 210
430 224 210 208
430 224 210 208
408 224 208 208
384 200 210 210
362 200 208 210
338 224 210 208
338 200 210 210
296 186 250 250
268 186 252 250
270 224 208 208
224 224 208 208
158 186 250 250
158 186 250 250
154 200 210 210
130 200 210 210
130 200 210 210
378 138 146 146
378 138 146 146
378 138 146 146
378 138 146 146
378 138 146 146
378 138 146 146
378 138 146 146
378 138 146 146
378 138 146 146
362 138 146 146
362 138 146 146
346 138 146 146
330 138 146 146
314 122 146 146
298 122 146 146
282 122 146 146
266 122 146 146
250 122 146 146
250 138 146 146
234 138 146 146
234 138 146 146
218 122 146 146
218 122 146 146
202 122 146 146
186 122 146 146
170 122 146 146
170 122 146 146
154 122 146 146
138 106 146 146
138 106 146 146
122 106 146 146
122 122 146 146
122 122 146 146
122 138 146 146
122 154 146 146
122 154 146 146
138 154 146 146
154 154 146 146
154 154 146 146
170 154 146 146
186 148 174 174
204 148 176 174
250 170 146 146
266 170 146 146
282 170 146 146
298 170 146 146
330 170 146 146
346 170 146 146
378 170 146 146
410 186 146 146
426 186 146 146
458 186 146 146
474 202 146 146
490 202 146 146
490 202 146 146
494 218 146 146
494 234 146 146
494 250 146 146
494 250 146 146
494 250 146 146
494 250 146 146
494 250 146 146
490 250 146 146
474 250 146 146
442 250 146 146
426 250 146 146
394 250 146 146
346 234 146 146
320 224 174 174
314 234 146 146
298 234 146 146
298 234 146 146
262 204 176 176
266 234 146 146
250 234 146 146
234 234 146 146
218 234 146 146
186 224 174 174
186 234 146 146
148 224 174 174
128 204 174 176
128 204 174 176
128 224 174 174
128 224 174 174
426 122 146 146
426 122 146 146
426 122 146 146
426 122 146 146
426 122 146 146
426 122 146 146
426 122 146 146
426 122 146 146
426 122 146 146
410 122 146 146
410 122 146 146
410 122 146 146
378 106 146 146
346 106 146 146
330 106 146 146
298 106 146 146
266 106 146 146
250 106 146 146
218 106 146 146
202 106 146 146
186 106 146 146
170 106 146 146
154 90 146 146
138 106 146 146
122 106 146 146
90 106 146 146
90 122 146 146
90 138 146 146
416 128 174 174
436 128 174 174
466 128 174 174
464 128 176 174
464 148 176 174
466 148 174 174
454 148 176 174
454 148 176 174
454 148 176 174
454 166 176 176
454 166 176 176
454 186 176 174
454 186 176 174
466 204 174 176
466 204 174 176
466 242 174 176
466 242 174 176
466 224 174 174
466 224 174 174
466 224 174 174
454 224 176 174
454 204 176 176
436 224 174 174
416 224 174 174
396 224 176 174
378 224 174 174
358 224 176 174
320 224 174 174
300 224 176 174
282 250 146 146
266 250 146 146
250 234 146 146
224 224 174 174
234 234 146 146
204 224 176 174
186 224 174 174
166 224 176 174
148 224 174 174
154 234 146 146
138 234 146 146
108 224 176 174
90 204 174 176
70 204 174 176
410 74 146 146
410 90 146 146
410 90 146 146
410 90 146 146
410 90 146 146
410 90 146 146
410 90 146 146
410 90 146 146
410 90 146 146
410 90 146 146
394 74 146 146
394 74 146 146
378 74 146 146
362 74 146 146
346 74 146 146
314 74 146 146
282 58 146 146
234 42 146 146
340 90 174 174
378 90 174 174
396 90 176 174
466 108 174 176
466 108 174 176
454 128 176 174
454 166 176 176
454 166 176 176
466 186 174 174
466 186 174 174
466 186 174 174
466 186 174 174
358 186 176 174
340 186 174 174
320 166 174 176
300 186 176 174
300 186 176 174
282 186 174 174
186 186 174 174
166 186 176 174
148 186 174 174
128 186 174 174
108 166 176 176
108 166 176 176
90 148 174 174
436 90 174 174
436 90 174 174
458 122 146 146
458 122 146 146
458 122 146 146
458 122 146 146
436 90 174 174
436 90 174 174
442 106 146 146
416 90 174 174
378 90 174 174
378 90 174 174
340 90 174 174
320 70 174 174
300 70 176 174
300 70 176 174
282 70 174 174
262 70 176 174
266 90 146 146
224 70 174 174
204 70 176 174
186 70 174 174
166 70 176 174
148 70 174 174
128 90 174 174
128 108 174 176
128 108 174 176
108 108 176 176
128 128 174 174
128 128 174 174
128 128 174 174
148 128 174 174
166 128 176 174
186 128 174 174
224 128 174 174
224 128 174 174
262 128 176 174
282 148 174 174
300 148 176 174
320 148 174 174
316 130 208 210
340 148 174 174
358 166 176 176
378 166 174 176
396 166 176 176
416 166 174 176
436 166 174 176
454 166 176 176
454 186 176 174
466 204 174 176
466 204 174 176
466 204 174 176
464 224 176 174
464 242 176 176
430 224 210 208
384 224 210 208
362 224 208 208
338 224 210 208
292 224 210 208
270 224 208 208
224 224 208 208
178 224 208 208
154 224 210 208
84 200 210 210
84 200 210 210
62 224 210 208
62 200 210 210
378 90 146 146
378 90 146 146
378 90 146 146
378 90 146 146
378 90 146 146
378 90 146 146
378 90 146 146
378 90 146 146
378 90 146 146
378 90 146 146
378 90 146 146
378 90 146 146
378 90 146 146
378 90 146 146
378 90 146 146
378 90 146 146
378 90 146 146
378 90 146 146
378 90 146 146
378 90 146 146
378 90 146 146
378 90 146 146
362 90 146 146
362 74 146 146
346 74 146 146
346 74 146 146
330 74 146 146
314 74 146 146
298 58 146 146
298 58 146 146
282 58 146 146
266 58 146 146
250 58 146 146
234 58 146 146
204 52 176 174
202 58 146 146
166 52 176 174
166 52 176 174
148 52 174 174
154 74 146 146
128 52 174 174
128 52 174 174
128 70 174 174
128 70 174 174
128 90 174 174
128 90 174 174
128 108 174 176
128 108 174 176
128 108 174 176
128 128 174 174
148 128 174 174
166 128 176 174
186 128 174 174
204 128 176 174
224 128 174 174
262 128 176 174
282 128 174 174
320 128 174 174
340 128 174 174
358 128 176 174
378 128 174 174
396 128 176 174
416 128 174 174
454 128 176 174
454 128 176 174
466 128 174 174
466 128 174 174
432 108 208 210
430 108 210 210
464 224 176 174
466 224 174 174
454 224 176 174
416 224 174 174
396 224 176 174
358 204 176 176
340 204 174 176
300 204 176 176
282 204 174 176
262 204 176 176
250 202 146 146
234 202 146 146
204 186 176 174
186 186 174 174
186 186 174 174
166 186 176 174
166 186 176 174
166 186 176 174
186 202 146 146
186 202 146 146
186 202 146 146
186 202 146 146
186 202 146 146
202 202 146 146
202 202 146 146
202 186 146 146
202 186 146 146
218 186 146 146
218 170 146 146
218 170 146 146
314 122 146 146
314 122 146 146
314 122 146 146
314 122 146 146
314 122 146 146
314 122 146 146
314 122 146 146
314 122 146 146
314 122 146 146
314 122 146 146
314 122 146 146
314 122 146 146
314 122 146 146
314 122 146 146
314 122 146 146
314 122 146 146
314 122 146 146
314 122 146 146
314 122 146 146
314 122 146 146
314 122 146 146
314 122 146 146
314 122 146 146
314 122 146 146
314 122 146 146
314 122 146 146
314 122 146 146
314 122 146 146
314 122 146 146
314 122 146 146
314 122 146 146
314 122 146 146
314 122 146 146
314 122 146 146
314 122 146 146
314 122 146 146
314 122 146 146
314 122 146 146
314 122 146 146
298 106 146 146
282 106 146 146
282 106 146 146
266 106 146 146
250 106 146 146
250 106 146 146
234 106 146 146
234 106 146 146
234 122 146 146
234 122 146 146
218 138 146 146
218 154 146 146
202 154 146 146
202 154 146 146
202 154 146 146
218 154 146 146
218 154 146 146
234 138 146 146
266 154 146 146
298 154 146 146
314 154 146 146
330 154 146 146
346 154 146 146
362 154 146 146
362 154 146 146
362 154 146 146
378 170 146 146
378 186 146 146
394 202 146 146
394 218 146 146
394 218 146 146
394 218 146 146
394 218 146 146
394 218 146 146
378 218 146 146
346 218 146 146
314 218 146 146
266 218 146 146
250 218 146 146
234 218 146 146
218 218 146 146
202 218 146 146
202 218 146 146
202 202 146 146
202 202 146 146
202 202 146 146
202 202 146 146
218 202 146 146
218 186 146 146
218 186 146 146
338 84 210 210
338 84 210 210
362 84 208 210
362 84 208 210
362 84 208 210
352 48 250 250
352 48 250 250
352 48 250 250
362 84 208 210
362 84 208 210
362 84 208 210
324 48 250 250
338 84 210 210
338 84 210 210
296 48 250 250
316 84 208 210
292 84 210 210
292 84 210 210
270 84 208 210
270 84 208 210
270 84 208 210
246 84 210 210
246 84 210 210
240 74 252 252
246 108 210 210
246 108 210 210
240 102 252 252
240 102 252 252
240 102 252 252
240 102 252 252
270 130 208 210
268 102 252 252
296 102 250 252
296 102 250 252
324 102 250 252
352 102 250 252
352 102 250 252
378 102 252 252
378 102 252 252
378 102 252 252
388 130 252 250
338 124 302 300
388 158 252 250
338 124 302 300
388 186 252 250
388 186 252 250
388 186 252 250
378 186 252 250
352 186 250 250
296 186 250 250
268 186 252 250
268 186 252 250
240 186 252 250
214 186 250 250
214 186 250 250
214 186 250 250
214 186 250 250
186 186 250 250
186 186 250 250
186 186 250 250
186 186 250 250
186 186 250 250
186 186 250 250
186 186 250 250
186 186 250 250
186 158 250 250
186 158 250 250
186 158 250 250
250 106 146 146
250 106 146 146
250 106 146 146
250 106 146 146
250 106 146 146
250 106 146 146
250 106 146 146
250 106 146 146
250 106 146 146
250 106 146 146
250 106 146 146
250 106 146 146
250 106 146 146
250 106 146 146
250 106 146 146
250 106 146 146
250 106 146 146
250 106 146 146
250 106 146 146
250 106 146 146
250 106 146 146
250 106 146 146
250 106 146 146
250 106 146 146
250 106 146 146
250 106 146 146
250 106 146 146
234 106 146 146
234 106 146 146
218 106 146 146
218 106 146 146
202 106 146 146
186 122 146 146
186 122 146 146
170 122 146 146
154 138 146 146
106 170 146 146
106 170 146 146
106 170 146 146
138 154 146 146
170 138 146 146
186 108 174 176
218 122 146 146
204 108 176 176
204 108 176 176
204 108 176 176
224 108 174 176
224 128 174 174
200 130 210 210
200 130 210 210
200 130 210 210
204 148 176 174
186 148 174 174
166 148 176 174
148 166 174 176
154 186 146 146
138 202 146 146
138 170 146 146
362 106 146 146
362 106 146 146
358 90 176 174
358 90 176 174
358 90 176 174
358 90 176 174
358 90 176 174
358 90 176 174
358 90 176 174
358 90 176 174
358 90 176 174
358 90 176 174
358 90 176 174
358 90 176 174
362 106 146 146
340 90 174 174
320 90 174 174
300 90 176 174
300 90 176 174
300 90 176 174
282 90 174 174
282 90 174 174
282 70 174 174
282 70 174 174
282 70 174 174
270 62 208 210
282 90 174 174
282 90 174 174
270 84 208 210
270 84 208 210
270 108 208 210
270 108 208 210
270 108 208 210
270 108 208 210
270 108 208 210
270 108 208 210
292 108 210 210
316 108 208 210
358 128 176 174
378 148 174 174
416 148 174 174
436 148 174 174
430 130 210 210
454 148 176 174
454 148 176 174
466 166 174 176
464 186 176 174
430 200 210 210
430 200 210 210
430 200 210 210
430 200 210 210
432 178 208 208
362 154 208 210
362 154 208 210
338 154 210 210
338 154 210 210
316 154 208 210
316 130 208 210
316 130 208 210
316 130 208 210
316 130 208 210
316 130 208 210
316 130 208 210
316 130 208 210
338 130 210 210
338 130 210 210
314 106 146 146
314 106 146 146
314 106 146 146
314 106 146 146
314 106 146 146
314 106 146 146
314 106 146 146
314 106 146 146
314 106 146 146
314 106 146 146
314 106 146 146
314 106 146 146
314 106 146 146
314 106 146 146
314 106 146 146
314 106 146 146
298 106 146 146
298 106 146 146
282 106 146 146
282 106 146 146
266 106 146 146
250 106 146 146
234 106 146 146
234 106 146 146
234 106 146 146
234 106 146 146
234 106 146 146
234 122 146 146
234 122 146 146
204 108 176 176
204 108 176 176
234 122 146 146
224 108 174 176
242 108 176 176
282 122 146 146
298 122 146 146
314 122 146 146
330 122 146 146
320 108 174 176
346 122 146 146
346 122 146 146
362 122 146 146
362 138 146 146
358 128 176 174
358 128 176 174
378 154 146 146
378 154 146 146
358 148 176 174
358 148 176 174
358 148 176 174
340 148 174 174
320 148 174 174
300 148 176 174
282 148 174 174
262 148 176 174
262 148 176 174
242 148 176 174
224 148 174 174
224 148 174 174
204 148 176 174
204 148 176 174
204 148 176 174
186 148 174 174
186 148 174 174
186 148 174 174
186 148 174 174
186 148 174 174
186 148 174 174
186 148 174 174
186 148 174 174
266 170 146 146
266 170 146 146
266 170 146 146
282 170 146 146
282 170 146 146
298 170 146 146
298 170 146 146
314 170 146 146
314 170 146 146
314 170 146 146
314 170 146 146
298 170 146 146
298 170 146 146
282 170 146 146
266 170 146 146
266 170 146 146
250 170 146 146
250 186 146 146
250 186 146 146
234 218 146 146
250 218 146 146
266 218 146 146
282 218 146 146
298 202 146 146
314 202 146 146
314 202 146 146
330 202 146 146
330 202 146 146
320 242 174 176
330 266 146 146
314 282 146 146
218 282 146 146
186 282 146 146
166 262 176 176
166 262 176 176
166 262 176 176
166 262 176 176
166 262 176 176
166 242 176 176
166 242 176 176
202 234 146 146
218 218 146 146
218 202 146 146
234 186 146 146
250 186 146 146
266 170 146 146
266 154 146 146
282 154 146 146
298 154 146 146
298 154 146 146
298 154 146 146
298 154 146 146
298 154 146 146
298 154 146 146
314 138 146 146
314 138 146 146
314 138 146 146
314 138 146 146
466 148 174 174
416 70 174 174
416 70 174 174
416 70 174 174
416 90 174 174
416 90 174 174
396 90 176 174
396 90 176 174
396 90 176 174
378 70 174 174
358 70 176 174
316 62 208 210
320 70 174 174
270 62 208 210
262 70 176 174
242 70 176 174
224 70 174 174
186 70 174 174
154 62 210 210
130 62 210 210
128 70 174 174
108 62 210 210
108 62 210 210
108 84 210 210
108 84 210 210
108 108 210 210
108 130 210 210
108 130 210 210
102 130 252 250
130 154 210 210
130 130 210 210
154 130 210 210
154 130 210 210
178 130 208 210
178 130 208 210
200 130 210 210
200 130 210 210
224 130 208 210
246 130 210 210
270 130 208 210
270 130 208 210
292 130 210 210
316 108 208 210
362 108 208 210
384 108 210 210
378 74 252 252
388 74 252 252
388 74 252 252
432 108 208 210
430 108 210 210
430 108 210 210
430 108 210 210
430 108 210 210
430 130 210 210
430 130 210 210
430 154 210 210
430 178 210 208
430 200 210 210
432 246 208 210
408 246 208 210
384 246 210 210
48 228 250 252
48 228 250 252
62 270 210 208
48 228 250 252
48 228 250 252
48 228 250 252
48 228 250 252
394 42 146 146
394 42 146 146
394 42 146 146
394 42 146 146
394 42 146 146
394 42 146 146
394 42 146 146
394 42 146 146
394 42 146 146
394 26 146 146
394 26 146 146
378 42 146 146
362 42 146 146
346 42 146 146
346 42 146 146
314 42 146 146
314 42 146 146
298 42 146 146
266 42 146 146
266 42 146 146
250 42 146 146
234 42 146 146
218 42 146 146
202 42 146 146
186 26 146 146
186 26 146 146
170 26 146 146
154 26 146 146
138 26 146 146
138 26 146 146
138 42 146 146
138 58 146 146
138 74 146 146
128 90 174 174
154 122 146 146
154 138 146 146
154 154 146 146
154 154 146 146
170 154 146 146
170 154 146 146
170 154 146 146
202 154 146 146
218 154 146 146
234 154 146 146
250 154 146 146
282 154 146 146
298 138 146 146
330 138 146 146
362 138 146 146
362 138 146 146
394 122 146 146
410 122 146 146
426 122 146 146
442 122 146 146
442 122 146 146
442 122 146 146
458 122 146 146
458 122 146 146
442 138 146 146
442 154 146 146
442 186 146 146
442 202 146 146
442 234 146 146
442 250 146 146
442 250 146 146
426 266 146 146
410 266 146 146
410 266 146 146
378 266 146 146
362 266 146 146
346 266 146 146
330 266 146 146
298 266 146 146
298 266 146 146
266 266 146 146
250 266 146 146
234 266 146 146
218 266 146 146
186 266 146 146
154 250 146 146
138 250 146 146
122 250 146 146
122 250 146 146
106 250 146 146
316 62 208 210
316 62 208 210
296 48 250 250
296 48 250 250
316 62 208 210
296 48 250 250
296 48 250 250
316 62 208 210
292 62 210 210
240 48 252 250
246 62 210 210
186 48 250 250
158 48 250 250
130 48 250 250
102 48 252 250
102 48 252 250
74 48 252 250
74 48 252 250
90 124 300 300
90 124 300 300
90 90 300 300
130 130 250 250
158 130 250 250
186 130 250 250
240 130 252 250
224 90 300 300
296 102 250 252
290 90 300 300
324 102 250 252
352 102 250 252
352 102 250 252
378 102 252 252
388 102 252 252
388 102 252 252
388 102 252 252
388 102 252 252
388 158 252 250
388 186 252 250
388 214 252 250
388 228 252 252
388 228 252 252
388 228 252 252
388 228 252 252
388 228 252 252
378 228 252 252
352 228 250 252
362 270 208 210
324 228 250 252
296 228 250 252
268 228 252 252
270 270 208 208
224 270 208 208
224 270 208 208
158 228 250 252
130 228 250 252
102 228 252 252
102 228 252 252
102 228 252 252
102 228 252 252
74 228 252 252
74 228 252 252
74 228 252 252
74 228 252 252
74 228 252 252
74 228 252 252
108 246 210 210
102 228 252 252
102 228 252 252
102 228 252 252
320 108 174 176
320 108 174 176
320 108 174 176
320 108 174 176
320 108 174 176
320 108 174 176
320 108 174 176
320 108 174 176
300 108 176 176
298 122 146 146
282 138 146 146
250 122 146 146
218 122 146 146
170 138 146 146
138 138 146 146
138 154 146 146
108 148 176 174
122 170 146 146
108 186 176 174
108 186 176 174
138 202 146 146
128 186 174 174
154 186 146 146
166 186 176 174
186 186 174 174
218 186 146 146
224 186 174 174
242 186 176 174
262 186 176 174
282 186 174 174
300 186 176 174
320 186 174 174
340 186 174 174
340 186 174 174
340 186 174 174
340 204 174 176
358 242 176 176
358 262 176 176
358 282 176 174
358 282 176 174
358 282 176 174
340 282 174 174
300 282 176 174
300 282 176 174
262 282 176 174
234 282 146 146
218 282 146 146
186 282 146 146
154 282 146 146
128 282 174 174
122 298 146 146
70 282 174 174
70 282 174 174
90 298 146 146
394 138 146 146
394 138 146 146
394 138 146 146
394 138 146 146
394 138 146 146
394 138 146 146
394 138 146 146
394 138 146 146
394 122 146 146
378 122 146 146
378 122 146 146
362 106 146 146
346 106 146 146
330 106 146 146
298 106 146 146
282 106 146 146
266 106 146 146
250 106 146 146
218 106 146 146
202 106 146 146
166 90 176 174
148 90 174 174
154 106 146 146
128 90 174 174
154 106 146 146
154 106 146 146
148 108 174 176
170 154 146 146
166 148 176 174
186 170 146 146
186 166 174 176
186 166 174 176
186 166 174 176
186 186 174 174
202 186 146 146
204 204 176 176
204 204 176 176
204 204 176 176
242 204 176 176
282 218 146 146
298 218 146 146
320 224 174 174
358 224 176 174
358 224 176 174
378 224 174 174
410 234 146 146
416 224 174 174
426 250 146 146
416 242 174 176
416 262 174 176
396 282 176 174
396 282 176 174
396 282 176 174
378 282 174 174
378 282 174 174
358 282 176 174
358 282 176 174
340 282 174 174
320 282 174 174
262 282 176 174
242 282 176 174
224 282 174 174
204 282 176 174
166 262 176 176
130 246 210 210
108 246 210 210
84 246 210 210
84 246 210 210
62 246 210 210
62 246 210 210
62 246 210 210
62 224 210 208
378 122 146 146
378 122 146 146
378 122 146 146
378 122 146 146
378 122 146 146
378 122 146 146
378 122 146 146
378 122 146 146
358 108 176 176
330 106 146 146
314 106 146 146
282 90 174 174
266 90 146 146
242 90 176 174
224 90 174 174
204 90 176 174
186 90 174 174
166 90 176 174
170 106 146 146
148 90 174 174
170 122 146 146
166 128 176 174
166 128 176 174
166 148 176 174
166 148 176 174
166 148 176 174
186 166 174 176
186 166 174 176
178 154 208 210
204 166 176 176
224 166 174 176
224 166 174 176
224 154 208 210
242 166 176 176
242 186 176 174
262 204 176 176
262 204 176 176
282 204 174 176
320 204 174 176
340 224 174 174
358 224 176 174
378 224 174 174
396 224 176 174
396 224 176 174
416 224 174 174
416 224 174 174
416 224 174 174
416 242 174 176
430 246 210 210
430 246 210 210
430 270 210 208
430 270 210 208
430 270 210 208
436 300 174 176
408 270 208 208
384 270 210 208
378 282 174 174
338 246 210 210
316 246 208 210
270 246 208 210
246 246 210 210
224 246 208 210
178 246 208 210
154 246 210 210
130 246 210 210
108 246 210 210
84 246 210 210
62 246 210 210
62 224 210 208
90 224 174 174
108 204 176 176
416 128 174 174
416 128 174 174
416 128 174 174
416 128 174 174
416 128 174 174
416 128 174 174
416 128 174 174
416 128 174 174
416 128 174 174
416 128 174 174
416 128 174 174
396 128 176 174
378 128 174 174
378 128 174 174
340 128 174 174
320 128 174 174
300 128 176 174
282 128 174 174
262 128 176 174
242 128 176 174
224 128 174 174
224 128 174 174
224 128 174 174
224 148 174 174
224 186 174 174
224 178 208 208
224 224 174 174
224 242 174 176
224 242 174 176
224 242 174 176
242 242 176 176
242 262 176 176
262 262 176 176
282 262 174 176
300 262 176 176
320 262 174 176
358 262 176 176
358 262 176 176
396 262 176 176
416 262 174 176
436 262 174 176
430 270 210 208
154 270 210 210
154 270 210 208
186 282 174 174
178 200 208 210
204 204 176 176
200 178 210 208
224 166 174 176
224 166 174 176
242 166 176 176
262 166 176 176
282 166 174 176
300 166 176 176
314 186 146 146
320 186 174 174
320 186 174 174
426 90 146 146
426 90 146 146
426 90 146 146
410 90 146 146
394 90 146 146
362 90 146 146
314 90 146 146
298 90 146 146
266 90 146 146
250 90 146 146
234 90 146 146
218 106 146 146
202 106 146 146
202 106 146 146
186 106 146 146
186 106 146 146
186 122 146 146
170 138 146 146
170 170 146 146
170 170 146 146
186 154 146 146
218 154 146 146
234 154 146 146
282 154 146 146
330 154 146 146
346 154 146 146
378 154 146 146
410 154 146 146
426 154 146 146
442 154 146 146
474 154 146 146
474 154 146 146
490 154 146 146
490 154 146 146
490 154 146 146
490 170 146 146
474 186 146 146
458 186 146 146
426 186 146 146
378 202 146 146
358 204 176 176
340 242 174 176
330 250 146 146
314 250 146 146
282 242 174 176
282 266 146 146
266 266 146 146
224 262 174 176
218 266 146 146
202 266 146 146
166 262 176 176
154 266 146 146
128 242 174 176
108 242 176 176
90 242 174 176
90 242 174 176
122 250 146 146
426 42 146 146
426 42 146 146
426 42 146 146
426 42 146 146
426 42 146 146
426 42 146 146
426 42 146 146
426 42 146 146
410 42 146 146
378 58 146 146
362 58 146 146
330 58 146 146
314 58 146 146
298 58 146 146
266 58 146 146
234 58 146 146
218 58 146 146
154 42 146 146
138 42 146 146
122 42 146 146
106 42 146 146
74 42 146 146
74 58 146 146
74 74 146 146
74 90 146 146
74 90 146 146
74 106 146 146
90 122 146 146
90 138 146 146
90 138 146 146
90 154 146 146
90 154 146 146
106 154 146 146
138 154 146 146
154 170 146 146
186 170 146 146
218 170 146 146
234 154 146 146
266 154 146 146
298 154 146 146
314 154 146 146
330 154 146 146
362 154 146 146
362 154 146 146
394 138 146 146
410 138 146 146
426 138 146 146
442 122 146 146
458 122 146 146
458 138 146 146
474 170 146 146
474 202 146 146
474 218 146 146
490 234 146 146
474 250 146 146
474 266 146 146
458 266 146 146
426 266 146 146
410 266 146 146
394 266 146 146
362 266 146 146
346 266 146 146
314 266 146 146
298 266 146 146
282 266 146 146
250 266 146 146
218 266 146 146
202 266 146 146
170 266 146 146
154 266 146 146
138 250 146 146
122 234 146 146
362 62 208 210
362 62 208 210
362 62 208 210
362 62 208 210
324 48 250 250
338 62 210 210
292 62 210 210
268 48 252 250
246 62 210 210
200 62 210 210
158 48 250 250
130 48 250 250
102 48 252 250
102 48 252 250
102 48 252 250
102 74 252 252
102 102 252 252
102 130 252 250
102 158 252 250
102 158 252 250
102 158 252 250
102 158 252 250
102 158 252 250
130 158 250 250
186 158 250 250
214 158 250 250
240 158 252 250
268 158 252 250
296 158 250 250
324 158 250 250
352 158 250 250
378 158 252 250
378 158 252 250
388 158 252 250
430 178 210 208
432 178 208 208
388 186 252 250
388 186 252 250
388 214 252 250
388 214 252 250
388 228 252 252
388 228 252 252
388 228 252 252
388 228 252 252
408 270 208 208
384 270 210 208
362 270 208 208
316 270 208 208
268 228 252 252
270 270 208 208
246 270 210 208
186 228 250 252
200 270 210 208
158 228 250 252
130 270 210 208
102 228 252 252
394 106 146 146
394 106 146 146
394 106 146 146
394 106 146 146
394 106 146 146
378 90 146 146
378 106 146 146
362 90 146 146
346 90 146 146
330 90 146 146
314 90 146 146
298 90 146 146
282 90 146 146
282 90 146 146
266 90 146 146
250 90 146 146
170 122 146 146
170 138 146 146
170 154 146 146
170 170 146 146
170 170 146 146
170 170 146 146
186 170 146 146
186 170 146 146
202 170 146 146
218 170 146 146
234 170 146 146
266 186 146 146
298 186 146 146
314 186 146 146
330 170 146 146
346 186 146 146
346 186 146 146
362 170 146 146
378 186 146 146
378 186 146 146
394 186 146 146
410 186 146 146
426 186 146 146
426 186 146 146
442 186 146 146
442 186 146 146
458 186 146 146
474 234 146 146
474 234 146 146
474 234 146 146
474 234 146 146
474 234 146 146
458 234 146 146
442 234 146 146
426 234 146 146
410 234 146 146
378 234 146 146
378 234 146 146
346 234 146 146
330 234 146 146
314 234 146 146
282 234 146 146
250 234 146 146
234 234 146 146
218 234 146 146
202 234 146 146
202 234 146 146
186 234 146 146
186 234 146 146
170 234 146 146
170 234 146 146
186 234 146 146
170 234 146 146
170 218 146 146
170 234 146 146
410 42 146 146
410 42 146 146
410 42 146 146
394 42 146 146
378 26 146 146
362 26 146 146
362 26 146 146
362 26 146 146
330 26 146 146
330 26 146 146
314 26 146 146
282 26 146 146
266 26 146 146
250 26 146 146
234 26 146 146
218 26 146 146
202 26 146 146
170 26 146 146
170 26 146 146
154 26 146 146
138 26 146 146
138 42 146 146
122 42 146 146
106 42 146 146
106 42 146 146
106 42 146 146
122 74 146 146
122 90 146 146
122 106 146 146
122 106 146 146
122 106 146 146
122 106 146 146
122 122 146 146
122 122 146 146
138 138 146 146
138 122 146 146
122 122 146 146
122 122 146 146
138 122 146 146
154 122 146 146
166 128 176 174
204 128 176 174
218 138 146 146
234 138 146 146
266 138 146 146
266 138 146 146
298 138 146 146
314 138 146 146
330 154 146 146
346 154 146 146
362 154 146 146
362 154 146 146
362 154 146 146
378 154 146 146
378 154 146 146
410 138 146 146
442 154 146 146
442 154 146 146
466 242 174 176
436 242 174 176
426 250 146 146
410 250 146 146
410 250 146 146
410 250 146 146
378 242 174 176
358 242 176 176
340 242 174 176
346 250 146 146
330 250 146 146
314 250 146 146
298 250 146 146
266 250 146 146
266 250 146 146
250 250 146 146
234 250 146 146
204 242 176 176
202 266 146 146
186 266 146 146
170 266 146 146
154 266 146 146
122 266 146 146
122 266 146 146
90 266 146 146
52 242 174 176
52 242 174 176
32 242 174 176
0 242 194 176
0 250 162 146
346 42 146 146
330 42 146 146
330 42 146 146
314 42 146 146
282 42 146 146
266 42 146 146
234 42 146 146
138 26 146 146
108 12 176 176
106 26 146 146
122 122 146 146
122 122 146 146
138 138 146 146
170 138 146 146
186 138 146 146
202 138 146 146
234 138 146 146
250 154 146 146
266 154 146 146
282 154 146 146
282 154 146 146
298 154 146 146
378 170 146 146
378 170 146 146
394 170 146 146
378 170 146 146
378 170 146 146
378 170 146 146
378 186 146 146
378 186 146 146
378 202 146 146
394 186 146 146
394 202 146 146
410 202 146 146
410 202 146 146
410 202 146 146
442 234 146 146
458 266 146 146
458 266 146 146
458 266 146 146
436 262 174 176
442 266 146 146
410 266 146 146
394 282 146 146
378 282 146 146
362 282 146 146
314 282 146 146
298 282 146 146
282 282 146 146
250 282 146 146
250 282 146 146
234 282 146 146
218 282 146 146
202 282 146 146
186 282 146 146
170 282 146 146
154 282 146 146
138 282 146 146
106 266 146 146
90 266 146 146
90 266 146 146
90 266 146 146
90 266 146 146
378 106 146 146
378 106 146 146
378 106 146 146
394 106 146 146
394 106 146 146
378 90 174 174
378 90 174 174
358 90 176 174
340 90 174 174
300 90 176 174
282 90 146 146
282 90 146 146
266 90 146 146
242 70 176 174
224 70 174 174
204 70 176 174
186 70 174 174
166 70 176 174
128 70 174 174
90 70 174 174
70 52 174 174
52 52 174 174
74 186 146 146
90 166 174 176
108 166 176 176
128 186 174 174
170 186 146 146
186 186 146 146
234 202 146 146
242 186 176 174
262 204 176 176
346 218 146 146
378 218 146 146
396 186 176 174
442 218 146 146
436 186 174 174
458 218 146 146
458 218 146 146
458 218 146 146
458 234 146 146
394 314 146 146
346 314 146 146
330 314 146 146
224 300 174 176
148 300 174 176
148 282 174 174
90 282 174 174
0 282 194 174
0 234 162 146
