-7.891529560089111328e+00
-2.383299350738525391e+00
-1.651496315002441406e+01
-5.885760307312011719e+00
-2.030576324462890625e+01
-1.282183647155761719e+01
-2.375206756591796875e+01
-1.654697036743164062e+01
-1.601798629760742188e+01
-1.147189521789550781e+01
-1.343184757232666016e+01
-7.570687770843505859e+00
-1.173526382446289062e+01
-7.152426242828369141e+00
-1.060729122161865234e+01
-3.941320180892944336e+00
-1.061138820648193359e+01
-5.968927860260009766e+00
-8.276363372802734375e+00
-4.856410980224609375e+00
-1.132326221466064453e+01
-6.063767433166503906e+00
-1.373614978790283203e+01
-6.516389369964599609e+00
-1.450865745544433594e+01
-7.329100608825683594e+00
-1.304510593414306641e+01
-7.019454956054687500e+00
-1.347700691223144531e+01
-9.535264968872070312e+00
-1.970619392395019531e+01
-1.203020286560058594e+01
-1.151646137237548828e+01
-8.426320075988769531e+00
-1.273068809509277344e+01
-7.585477828979492188e+00
-2.389982795715332031e+01
-1.325833797454833984e+01
-1.534709262847900391e+01
-8.207701683044433594e+00
-1.505720043182373047e+01
-8.671527862548828125e+00
-1.098975944519042969e+01
-6.487303733825683594e+00
-7.840998172760009766e+00
-4.383861541748046875e+00
-6.952115535736083984e+00
-2.999364614486694336e+00
-7.281310558319091797e+00
-3.138866424560546875e+00
-7.607463359832763672e+00
-4.345899105072021484e+00
-5.909486770629882812e+00
-3.795325756072998047e+00
-7.363658428192138672e+00
-4.610037326812744141e+00
-9.613920211791992188e+00
-5.383490562438964844e+00
-1.227537918090820312e+01
-9.123512268066406250e+00
-1.009636878967285156e+01
-8.325846672058105469e+00
-1.312211608886718750e+01
-1.124106407165527344e+01
-1.264758968353271484e+01
-9.871907234191894531e+00
-1.864138603210449219e+01
-1.232674026489257812e+01
-2.821969604492187500e+01
-1.658813667297363281e+01
-2.233809471130371094e+01
-1.004720592498779297e+01
-1.706105041503906250e+01
-9.191680908203125000e+00
-1.320822620391845703e+01
-1.236171245574951172e+01
-9.803129196166992188e+00
-1.032188606262207031e+01
-9.485916137695312500e+00
-7.573864936828613281e+00
-1.048429107666015625e+01
-6.899251937866210938e+00
-1.691294097900390625e+01
-1.299691963195800781e+01
-1.545452976226806641e+01
-1.323878097534179688e+01
-1.505412483215332031e+01
-1.194775772094726562e+01
-1.663704299926757812e+01
-1.336121940612792969e+01
-2.042944908142089844e+01
-1.649163818359375000e+01
-1.229364395141601562e+01
-1.204997253417968750e+01
-1.187946224212646484e+01
-9.703523635864257812e+00
-1.597933673858642578e+01
-1.271839332580566406e+01
-2.362121582031250000e+01
-1.328071212768554688e+01
-2.913672828674316406e+01
-1.931056022644042969e+01
-2.605088806152343750e+01
-1.362194633483886719e+01
-1.942359542846679688e+01
-8.394631385803222656e+00
-1.540876102447509766e+01
-1.085494709014892578e+01
-1.403642272949218750e+01
-1.149831676483154297e+01
-1.537262725830078125e+01
-1.033333015441894531e+01
-1.455031013488769531e+01
-7.922009944915771484e+00
-1.138335323333740234e+01
-8.179703712463378906e+00
-1.146878433227539062e+01
-9.004350662231445312e+00
-1.177532768249511719e+01
-7.685745716094970703e+00
-1.361072921752929688e+01
-1.273223114013671875e+01
-1.552827739715576172e+01
-1.662500000000000000e+01
-1.471953582763671875e+01
-1.655927467346191406e+01
-1.513011932373046875e+01
-1.464085388183593750e+01
-1.789274978637695312e+01
-1.536916446685791016e+01
-2.978763771057128906e+01
-2.012893676757812500e+01
-3.221801757812500000e+01
-2.116244125366210938e+01
-2.319164466857910156e+01
-1.288393688201904297e+01
-1.710475158691406250e+01
-7.795011043548583984e+00
-1.495074462890625000e+01
-9.957646369934082031e+00
-1.588772773742675781e+01
-1.324262046813964844e+01
-1.733068275451660156e+01
-1.302946376800537109e+01
-2.375464820861816406e+01
-1.557910251617431641e+01
-1.572167873382568359e+01
-7.707961559295654297e+00
-1.399150085449218750e+01
-8.950108528137207031e+00
-1.552084255218505859e+01
-1.114288425445556641e+01
-1.719055366516113281e+01
-1.557158470153808594e+01
-1.906346893310546875e+01
-1.858567047119140625e+01
-1.856888580322265625e+01
-1.845841407775878906e+01
-1.569280052185058594e+01
-1.391637992858886719e+01
-1.689697074890136719e+01
-1.451704311370849609e+01
-2.939498710632324219e+01
-1.675921058654785156e+01
-3.063976669311523438e+01
-1.927929687500000000e+01
-2.200200843811035156e+01
-1.378009223937988281e+01
-1.872699165344238281e+01
-1.337675952911376953e+01
-1.905182838439941406e+01
-1.660205268859863281e+01
-2.403469657897949219e+01
-1.995271492004394531e+01
-2.506193161010742188e+01
-1.744547271728515625e+01
-2.242976760864257812e+01
-1.717471122741699219e+01
-1.761971664428710938e+01
-8.518563270568847656e+00
-1.483083534240722656e+01
-6.475676059722900391e+00
-1.727737236022949219e+01
-1.046935367584228516e+01
-1.952131462097167969e+01
-1.666658401489257812e+01
-1.968412399291992188e+01
-1.880401039123535156e+01
-1.791716766357421875e+01
-1.760358810424804688e+01
-1.742820930480957031e+01
-1.520050525665283203e+01
-1.927478027343750000e+01
-1.628535652160644531e+01
-2.819674873352050781e+01
-1.692016220092773438e+01
-3.284883117675781250e+01
-2.111727523803710938e+01
-2.572396087646484375e+01
-1.230534648895263672e+01
-2.025853157043457031e+01
-1.099997425079345703e+01
-1.943574523925781250e+01
-1.703711700439453125e+01
-2.229046058654785156e+01
-1.807237243652343750e+01
-1.862821197509765625e+01
-1.369003963470458984e+01
-1.164505481719970703e+01
-9.777786254882812500e+00
-1.225637435913085938e+01
-7.398619174957275391e+00
-1.309736347198486328e+01
-5.502175331115722656e+00
-1.410246086120605469e+01
-7.514294147491455078e+00
-1.764849853515625000e+01
-1.411346721649169922e+01
-2.144510841369628906e+01
-2.023972892761230469e+01
-2.087359428405761719e+01
-2.032366371154785156e+01
-2.044972419738769531e+01
-1.878713798522949219e+01
-2.611498260498046875e+01
-2.136130142211914062e+01
-2.683862113952636719e+01
-1.683371543884277344e+01
-3.010744094848632812e+01
-2.092767715454101562e+01
-2.611231613159179688e+01
-1.306815433502197266e+01
-2.029859924316406250e+01
-6.835593223571777344e+00
-2.003768157958984375e+01
-1.501102066040039062e+01
-1.854538917541503906e+01
-1.445382785797119141e+01
-1.922310638427734375e+01
-1.611342811584472656e+01
-1.655225753784179688e+01
-1.579529190063476562e+01
-1.970572090148925781e+01
-1.735043716430664062e+01
-1.774785995483398438e+01
-1.303929424285888672e+01
-1.509239578247070312e+01
-1.029668426513671875e+01
-2.052760887145996094e+01
-1.682117080688476562e+01
-2.221268844604492188e+01
-2.044838714599609375e+01
-1.983404731750488281e+01
-1.832842445373535156e+01
-2.011791419982910156e+01
-1.746583557128906250e+01
-2.427983474731445312e+01
-2.002130508422851562e+01
-3.029113006591796875e+01
-2.049361991882324219e+01
-2.814527320861816406e+01
-1.661845779418945312e+01
-2.271233558654785156e+01
-1.070133781433105469e+01
-1.748648262023925781e+01
-8.148306846618652344e+00
-1.814525604248046875e+01
-1.277343368530273438e+01
-1.794372940063476562e+01
-1.391372776031494141e+01
-1.996014022827148438e+01
-1.726633453369140625e+01
-1.745190811157226562e+01
-1.681407737731933594e+01
-1.888555908203125000e+01
-1.728513145446777344e+01
-1.949755859375000000e+01
-1.670337104797363281e+01
-1.896218681335449219e+01
-1.463092708587646484e+01
-2.184222221374511719e+01
-1.919949913024902344e+01
-2.230173301696777344e+01
-2.136818885803222656e+01
-2.137630844116210938e+01
-2.008667755126953125e+01
-2.201342201232910156e+01
-1.898401832580566406e+01
-2.775209808349609375e+01
-2.265701484680175781e+01
-3.449980545043945312e+01
-2.370402526855468750e+01
-2.761302375793457031e+01
-1.719011497497558594e+01
-2.285527420043945312e+01
-1.324490737915039062e+01
-1.767809677124023438e+01
-1.111657810211181641e+01
-1.805632019042968750e+01
-1.131967449188232422e+01
-1.710772514343261719e+01
-1.170386600494384766e+01
-1.675756454467773438e+01
-1.079956531524658203e+01
-1.306381320953369141e+01
-6.998626708984375000e+00
-1.206376457214355469e+01
-5.664732933044433594e+00
-1.183107280731201172e+01
-5.305618762969970703e+00
-1.636525535583496094e+01
-9.072482109069824219e+00
-1.785668373107910156e+01
-1.251790046691894531e+01
-2.039799118041992188e+01
-1.829008865356445312e+01
-2.046295547485351562e+01
-1.931227874755859375e+01
-2.272501373291015625e+01
-1.954356956481933594e+01
-2.484880256652832031e+01
-2.034999275207519531e+01
-3.158577156066894531e+01
-1.950997734069824219e+01
-2.618483161926269531e+01
-1.412452983856201172e+01
-2.068743705749511719e+01
-1.107207870483398438e+01
-1.517685699462890625e+01
-8.701327323913574219e+00
-1.685596466064453125e+01
-8.903882026672363281e+00
-1.600847816467285156e+01
-1.120710945129394531e+01
-1.753486633300781250e+01
-1.165394306182861328e+01
-1.476110172271728516e+01
-9.044615745544433594e+00
-1.297513961791992188e+01
-6.767704010009765625e+00
-1.395693016052246094e+01
-8.721167564392089844e+00
-1.577575683593750000e+01
-9.535585403442382812e+00
-1.837737274169921875e+01
-1.135772800445556641e+01
-2.026605415344238281e+01
-1.673124694824218750e+01
-1.941448783874511719e+01
-1.853169631958007812e+01
-2.222001647949218750e+01
-1.932248115539550781e+01
-2.312686729431152344e+01
-1.927776336669921875e+01
-3.248012161254882812e+01
-2.008291435241699219e+01
-2.948328018188476562e+01
-1.687895011901855469e+01
-2.280083656311035156e+01
-1.197957515716552734e+01
-1.728263473510742188e+01
-9.844000816345214844e+00
-1.589445877075195312e+01
-7.969618797302246094e+00
-1.616409301757812500e+01
-1.231816673278808594e+01
-1.618591499328613281e+01
-1.460955524444580078e+01
-1.943980407714843750e+01
-1.643442916870117188e+01
-1.721011543273925781e+01
-1.479903602600097656e+01
-1.854911613464355469e+01
-1.571562576293945312e+01
-1.962916946411132812e+01
-1.475491523742675781e+01
-2.069307708740234375e+01
-1.363750076293945312e+01
-2.278552818298339844e+01
-1.872780418395996094e+01
-1.831704521179199219e+01
-1.687608718872070312e+01
-2.039570426940917969e+01
-1.776907157897949219e+01
-2.288147163391113281e+01
-2.022969055175781250e+01
-2.558968162536621094e+01
-1.761402320861816406e+01
-2.948136138916015625e+01
-1.789301109313964844e+01
-2.359409713745117188e+01
-1.094008827209472656e+01
-1.797991943359375000e+01
-9.679705619812011719e+00
-1.487290954589843750e+01
-7.300276279449462891e+00
-1.552089691162109375e+01
-9.609450340270996094e+00
-1.633160591125488281e+01
-1.173300457000732422e+01
-1.670530319213867188e+01
-1.215961456298828125e+01
-1.530258274078369141e+01
-1.121912765502929688e+01
-1.551475143432617188e+01
-1.091681957244873047e+01
-1.593027877807617188e+01
-1.147540473937988281e+01
-1.973664665222167969e+01
-1.425583839416503906e+01
-2.002663993835449219e+01
-1.644628334045410156e+01
-1.907419776916503906e+01
-1.769198036193847656e+01
-2.185752868652343750e+01
-2.000763702392578125e+01
-2.173483085632324219e+01
-2.061846160888671875e+01
-2.088014411926269531e+01
-1.405943870544433594e+01
-3.085777473449707031e+01
-1.885079383850097656e+01
-2.406306266784667969e+01
-1.136467838287353516e+01
-1.774364280700683594e+01
-9.232777595520019531e+00
-1.427451896667480469e+01
-7.772026062011718750e+00
-1.253014755249023438e+01
-7.605278968811035156e+00
-1.636657714843750000e+01
-1.223862552642822266e+01
-2.002603149414062500e+01
-1.533656501770019531e+01
-2.236702156066894531e+01
-1.783886337280273438e+01
-2.140232849121093750e+01
-1.722170829772949219e+01
-2.385161399841308594e+01
-1.896996116638183594e+01
-2.234205245971679688e+01
-1.763351249694824219e+01
-2.322496414184570312e+01
-1.923527908325195312e+01
-2.172564888000488281e+01
-2.002564048767089844e+01
-2.131330108642578125e+01
-1.904005241394042969e+01
-1.693768501281738281e+01
-1.418427276611328125e+01
-1.764496803283691406e+01
-1.093818664550781250e+01
-2.725748252868652344e+01
-1.938815879821777344e+01
-2.369144058227539062e+01
-1.583036136627197266e+01
-1.816684722900390625e+01
-9.891753196716308594e+00
-1.620676994323730469e+01
-1.014124202728271484e+01
-1.539483356475830078e+01
-1.266507339477539062e+01
-1.740930747985839844e+01
-1.613838195800781250e+01
-1.821893310546875000e+01
-1.677640724182128906e+01
-1.891486740112304688e+01
-1.525636005401611328e+01
-1.992613983154296875e+01
-1.512179374694824219e+01
-2.228184127807617188e+01
-1.873074340820312500e+01
-2.124626159667968750e+01
-1.804365539550781250e+01
-2.054535293579101562e+01
-1.684259414672851562e+01
-1.692433738708496094e+01
-1.449128913879394531e+01
-1.873831558227539062e+01
-1.692931556701660156e+01
-1.564994430541992188e+01
-1.357520103454589844e+01
-1.834113502502441406e+01
-1.384184360504150391e+01
-2.463528251647949219e+01
-1.704604339599609375e+01
-2.542461013793945312e+01
-1.450612831115722656e+01
-2.019157791137695312e+01
-8.150787353515625000e+00
-1.419367790222167969e+01
-5.634640693664550781e+00
-1.520427322387695312e+01
-1.257246685028076172e+01
-1.661158370971679688e+01
-1.549242305755615234e+01
-1.706858825683593750e+01
-1.532328796386718750e+01
-1.595234489440917969e+01
-1.251387500762939453e+01
-1.409531497955322266e+01
-1.112994098663330078e+01
-1.485668754577636719e+01
-1.288996601104736328e+01
-1.630646896362304688e+01
-1.359282493591308594e+01
-1.682768821716308594e+01
-1.456453895568847656e+01
-1.856517219543457031e+01
-1.673358726501464844e+01
-1.916808891296386719e+01
-1.894976234436035156e+01
-5.846200942993164062e+00
-4.623721599578857422e+00
-4.010206222534179688e+00
-3.512464046478271484e+00
-3.947038173675537109e+00
-5.461915969848632812e+00
-4.903886795043945312e+00
-2.433910369873046875e+00
-2.323553562164306641e+00
-2.769747734069824219e+00
-4.291530609130859375e+00
-5.782042980194091797e+00
-2.971182346343994141e+00
-2.236232280731201172e+00
-3.853528261184692383e+00
-5.497012138366699219e+00
-7.033731460571289062e+00
-8.359329223632812500e+00
-4.558624744415283203e+00
-4.048100471496582031e+00
-5.411244392395019531e+00
-7.225507736206054688e+00
-8.980113029479980469e+00
-1.045452785491943359e+01
-5.208421707153320312e+00
-5.302005290985107422e+00
-5.763613224029541016e+00
-6.457932472229003906e+00
-7.018679618835449219e+00
-8.044143676757812500e+00
-6.642762184143066406e+00
-5.367392063140869141e+00
-5.045162677764892578e+00
-5.752718925476074219e+00
-6.806972503662109375e+00
-8.412684440612792969e+00
-5.722237110137939453e+00
-5.485158920288085938e+00
-5.611536979675292969e+00
-6.445876598358154297e+00
-7.249534606933593750e+00
-8.437030792236328125e+00
-6.899911880493164062e+00
-6.898523807525634766e+00
-8.372956275939941406e+00
-1.019616699218750000e+01
-1.221833610534667969e+01
-1.368726730346679688e+01
-1.071830177307128906e+01
-5.032965660095214844e+00
-4.415449142456054688e+00
-5.418142795562744141e+00
-7.469764709472656250e+00
-9.469021797180175781e+00
-1.699811744689941406e+01
-7.437108993530273438e+00
-2.642730712890625000e+00
-2.105307817459106445e+00
-3.319108724594116211e+00
-5.196629524230957031e+00
-1.668640518188476562e+01
-8.444504737854003906e+00
-4.668912410736083984e+00
-5.125677108764648438e+00
-6.636244773864746094e+00
-8.568259239196777344e+00
-1.314583683013916016e+01
-8.666207313537597656e+00
-7.625247001647949219e+00
-8.762516975402832031e+00
-1.001707267761230469e+01
-1.113383579254150391e+01
-1.085925865173339844e+01
-7.185076236724853516e+00
-6.605748653411865234e+00
-7.737695217132568359e+00
-8.813288688659667969e+00
-9.732176780700683594e+00
-1.326987361907958984e+01
-7.819292545318603516e+00
-6.281168937683105469e+00
-7.988934993743896484e+00
-9.952762603759765625e+00
-1.191349983215332031e+01
-1.301034069061279297e+01
-7.817182540893554688e+00
-4.765891551971435547e+00
-5.227015018463134766e+00
-6.286873817443847656e+00
-7.778183460235595703e+00
-8.323493957519531250e+00
-6.024279117584228516e+00
-6.457804203033447266e+00
-7.795418739318847656e+00
-8.866365432739257812e+00
-1.015631008148193359e+01
-1.301195240020751953e+01
-7.528745651245117188e+00
-5.301445007324218750e+00
-4.620258331298828125e+00
-5.027186393737792969e+00
-6.255667686462402344e+00
-2.373503112792968750e+01
-1.156832218170166016e+01
-4.488598823547363281e+00
-2.914634943008422852e+00
-3.465390920639038086e+00
-5.081543445587158203e+00
-2.163311958312988281e+01
-1.283529567718505859e+01
-8.969099044799804688e+00
-8.328500747680664062e+00
-8.477483749389648438e+00
-9.502027511596679688e+00
-1.615552902221679688e+01
-1.307228374481201172e+01
-1.225599479675292969e+01
-1.220576953887939453e+01
-1.208077812194824219e+01
-1.207233238220214844e+01
-9.680603027343750000e+00
-9.449793815612792969e+00
-1.015697002410888672e+01
-1.145661640167236328e+01
-1.212480545043945312e+01
-1.228994464874267578e+01
-7.091751575469970703e+00
-5.836980819702148438e+00
-6.671309471130371094e+00
-8.119772911071777344e+00
-8.993577957153320312e+00
-9.851145744323730469e+00
-1.464301013946533203e+01
-8.999879837036132812e+00
-6.285873889923095703e+00
-5.829758167266845703e+00
-5.610969543457031250e+00
-6.102214336395263672e+00
-1.532413578033447266e+01
-1.135956668853759766e+01
-9.886963844299316406e+00
-9.696805953979492188e+00
-9.374791145324707031e+00
-9.661942481994628906e+00
-1.691732215881347656e+01
-1.027050113677978516e+01
-6.863938331604003906e+00
-5.861916065216064453e+00
-6.032382011413574219e+00
-7.190697669982910156e+00
-2.337277412414550781e+01
-1.281180095672607422e+01
-6.549217700958251953e+00
-4.682973384857177734e+00
-4.308682441711425781e+00
-5.179312705993652344e+00
-2.294477844238281250e+01
-1.312913227081298828e+01
-9.781016349792480469e+00
-9.319790840148925781e+00
-9.253925323486328125e+00
-1.021956825256347656e+01
-1.814942169189453125e+01
-1.377518177032470703e+01
-1.250502490997314453e+01
-1.249715995788574219e+01
-1.194034290313720703e+01
-1.193087863922119141e+01
-1.084293937683105469e+01
-1.082738876342773438e+01
-1.217465496063232422e+01
-1.409153842926025391e+01
-1.454850196838378906e+01
-1.515876293182373047e+01
-6.614508628845214844e+00
-6.581458091735839844e+00
-8.128568649291992188e+00
-9.950437545776367188e+00
-1.078965854644775391e+01
-1.169165706634521484e+01
-1.226977443695068359e+01
-9.807496070861816406e+00
-8.976209640502929688e+00
-9.470073699951171875e+00
-9.647103309631347656e+00
-1.044341087341308594e+01
-1.493530750274658203e+01
-1.310729694366455078e+01
-1.306496047973632812e+01
-1.348610973358154297e+01
-1.314236545562744141e+01
-1.320656585693359375e+01
-1.751475143432617188e+01
-1.153267669677734375e+01
-8.117162704467773438e+00
-7.237062931060791016e+00
-7.375344276428222656e+00
-8.382048606872558594e+00
-2.561951637268066406e+01
-1.519545745849609375e+01
-8.989376068115234375e+00
-6.596749305725097656e+00
-5.348643302917480469e+00
-5.688035964965820312e+00
-2.741636466979980469e+01
-1.719154930114746094e+01
-1.299305820465087891e+01
-1.155050945281982422e+01
-1.039022922515869141e+01
-1.071649742126464844e+01
-1.897368812561035156e+01
-1.433656024932861328e+01
-1.224576854705810547e+01
-1.104834175109863281e+01
-9.879933357238769531e+00
-9.723632812500000000e+00
-9.277742385864257812e+00
-1.063054561614990234e+01
-1.180722141265869141e+01
-1.273734474182128906e+01
-1.264407444000244141e+01
-1.249230957031250000e+01
-6.105330467224121094e+00
-8.164580345153808594e+00
-1.005708694458007812e+01
-1.155478858947753906e+01
-1.204503631591796875e+01
-1.241009140014648438e+01
-1.490043544769287109e+01
-1.242330360412597656e+01
-1.154481601715087891e+01
-1.132676410675048828e+01
-1.059934711456298828e+01
-1.058189010620117188e+01
-1.830802917480468750e+01
-1.576805305480957031e+01
-1.488154602050781250e+01
-1.507695865631103516e+01
-1.463653278350830078e+01
-1.473575782775878906e+01
-1.674740219116210938e+01
-1.190461635589599609e+01
-9.282724380493164062e+00
-8.989603042602539062e+00
-9.355759620666503906e+00
-1.024387645721435547e+01
-2.236759757995605469e+01
-1.447183036804199219e+01
-1.002882194519042969e+01
-7.798388004302978516e+00
-6.016867637634277344e+00
-5.696982860565185547e+00
-3.000699806213378906e+01
-1.980601119995117188e+01
-1.622949409484863281e+01
-1.492377185821533203e+01
-1.319252872467041016e+01
-1.262724113464355469e+01
-2.173698806762695312e+01
-1.626798629760742188e+01
-1.434294891357421875e+01
-1.340259838104248047e+01
-1.182226657867431641e+01
-1.108799743652343750e+01
-8.338378906250000000e+00
-7.591735839843750000e+00
-8.725966453552246094e+00
-1.041473579406738281e+01
-1.127626132965087891e+01
-1.226255130767822266e+01
-7.152904510498046875e+00
-6.861381053924560547e+00
-8.423361778259277344e+00
-1.030016040802001953e+01
-1.152280807495117188e+01
-1.281910896301269531e+01
-1.897922325134277344e+01
-1.471425151824951172e+01
-1.214870262145996094e+01
-1.124643707275390625e+01
-1.020951557159423828e+01
-1.001583385467529297e+01
-2.369096946716308594e+01
-1.886769866943359375e+01
-1.596165180206298828e+01
-1.503551006317138672e+01
-1.388769531250000000e+01
-1.355022048950195312e+01
-1.559962177276611328e+01
-1.270587730407714844e+01
-1.201761150360107422e+01
-1.267404270172119141e+01
-1.333573627471923828e+01
-1.394068813323974609e+01
-1.698830795288085938e+01
-1.127622699737548828e+01
-7.806962490081787109e+00
-6.935725688934326172e+00
-6.004281044006347656e+00
-6.197080612182617188e+00
-1.980328559875488281e+01
-1.296719741821289062e+01
-1.069985294342041016e+01
-1.058825969696044922e+01
-1.008576297760009766e+01
-1.053681945800781250e+01
-1.954997444152832031e+01
-1.505249881744384766e+01
-1.335134410858154297e+01
-1.315358924865722656e+01
-1.231853008270263672e+01
-1.198820400238037109e+01
-1.563131809234619141e+01
-1.407166385650634766e+01
-1.347058868408203125e+01
-1.391730880737304688e+01
-1.355708599090576172e+01
-1.334539222717285156e+01
-1.573315429687500000e+01
-1.450958347320556641e+01
-1.368864917755126953e+01
-1.407886505126953125e+01
-1.360937118530273438e+01
-1.327548503875732422e+01
-2.099894142150878906e+01
-1.835153007507324219e+01
-1.577731418609619141e+01
-1.494809722900390625e+01
-1.312106990814208984e+01
-1.185813713073730469e+01
-2.501463317871093750e+01
-1.994769287109375000e+01
-1.683017349243164062e+01
-1.607450866699218750e+01
-1.480661678314208984e+01
-1.434085369110107422e+01
-1.574766159057617188e+01
-1.331784152984619141e+01
-1.326716709136962891e+01
-1.372765541076660156e+01
-1.411944675445556641e+01
-1.441058444976806641e+01
-2.117245674133300781e+01
-1.695423889160156250e+01
-1.266225242614746094e+01
-1.131915378570556641e+01
-9.917338371276855469e+00
-9.596360206604003906e+00
-1.205445003509521484e+01
-1.038292026519775391e+01
-9.129477500915527344e+00
-9.895540237426757812e+00
-1.050589561462402344e+01
-1.103300094604492188e+01
-1.456472492218017578e+01
-1.254545307159423828e+01
-1.183940601348876953e+01
-1.294892215728759766e+01
-1.370140838623046875e+01
-1.417311286926269531e+01
-1.140856552124023438e+01
-1.236828708648681641e+01
-1.316473293304443359e+01
-1.451010322570800781e+01
-1.487451744079589844e+01
-1.483434391021728516e+01
-1.356244564056396484e+01
-1.391290569305419922e+01
-1.359615230560302734e+01
-1.437039375305175781e+01
-1.428752040863037109e+01
-1.443086242675781250e+01
-1.573938560485839844e+01
-1.533073425292968750e+01
-1.379751396179199219e+01
-1.384842395782470703e+01
-1.325311660766601562e+01
-1.342816925048828125e+01
-1.827787208557128906e+01
-1.614745140075683594e+01
-1.439012336730957031e+01
-1.496094322204589844e+01
-1.543091201782226562e+01
-1.620866775512695312e+01
