-9.091461181640625000e+00
-9.658601760864257812e+00
-1.086560440063476562e+01
-9.802334785461425781e+00
-1.071323299407958984e+01
-1.017706680297851562e+01
-1.060613155364990234e+01
-1.067810440063476562e+01
-9.173921585083007812e+00
-9.234752655029296875e+00
-9.002861976623535156e+00
-9.133946418762207031e+00
-8.913828849792480469e+00
-9.013793945312500000e+00
-8.916600227355957031e+00
-9.017271041870117188e+00
-8.916540145874023438e+00
-9.017152786254882812e+00
-8.930504798889160156e+00
-9.034319877624511719e+00
-9.049151420593261719e+00
-9.184095382690429688e+00
-9.334997177124023438e+00
-9.628792762756347656e+00
-1.004597568511962891e+01
-1.049032878875732422e+01
-9.998565673828125000e+00
-1.036013889312744141e+01
-1.007875251770019531e+01
-1.025691986083984375e+01
-9.269197463989257812e+00
-9.222736358642578125e+00
-1.011374092102050781e+01
-1.008824920654296875e+01
-1.114824962615966797e+01
-9.739943504333496094e+00
-1.103020381927490234e+01
-1.073918533325195312e+01
-1.191077041625976562e+01
-1.311620712280273438e+01
-1.085739803314208984e+01
-1.204271602630615234e+01
-1.092348384857177734e+01
-1.217060279846191406e+01
-1.085775852203369141e+01
-1.205440235137939453e+01
-1.086277580261230469e+01
-1.206112289428710938e+01
-1.086274147033691406e+01
-1.206096267700195312e+01
-1.087777328491210938e+01
-1.208295345306396484e+01
-1.094429397583007812e+01
-1.219188213348388672e+01
-1.124749183654785156e+01
-1.263987541198730469e+01
-1.215899085998535156e+01
-1.347677993774414062e+01
-1.149423503875732422e+01
-1.261373138427734375e+01
-1.134066963195800781e+01
-1.164127159118652344e+01
-9.583252906799316406e+00
-1.012365150451660156e+01
-8.709810256958007812e+00
-8.613549232482910156e+00
-1.118911266326904297e+01
-9.920692443847656250e+00
-1.042104339599609375e+01
-1.035222625732421875e+01
-1.096963691711425781e+01
-1.231138992309570312e+01
-1.012478637695312500e+01
-1.134792518615722656e+01
-1.002977752685546875e+01
-1.125543785095214844e+01
-9.917633056640625000e+00
-1.107325267791748047e+01
-9.924749374389648438e+00
-1.108228683471679688e+01
-9.924603462219238281e+00
-1.108213138580322266e+01
-9.950700759887695312e+00
-1.111591529846191406e+01
-1.017723655700683594e+01
-1.137958908081054688e+01
-1.085202884674072266e+01
-1.212662220001220703e+01
-1.195258140563964844e+01
-1.319550800323486328e+01
-1.161277961730957031e+01
-1.256859683990478516e+01
-1.194044494628906250e+01
-1.195451831817626953e+01
-9.508766174316406250e+00
-9.106958389282226562e+00
-7.555966377258300781e+00
-7.615488052368164062e+00
-1.070694160461425781e+01
-9.381883621215820312e+00
-9.932159423828125000e+00
-1.014402484893798828e+01
-1.053277206420898438e+01
-1.151558876037597656e+01
-9.348278045654296875e+00
-1.022880172729492188e+01
-9.181215286254882812e+00
-1.005026435852050781e+01
-8.991621971130371094e+00
-9.787933349609375000e+00
-9.002085685729980469e+00
-9.800732612609863281e+00
-9.002026557922363281e+00
-9.800676345825195312e+00
-9.024111747741699219e+00
-9.830682754516601562e+00
-9.217019081115722656e+00
-1.009185600280761719e+01
-9.931083679199218750e+00
-1.097575569152832031e+01
-1.127087116241455078e+01
-1.251648426055908203e+01
-1.120448780059814453e+01
-1.228348159790039062e+01
-1.214163589477539062e+01
-1.243296337127685547e+01
-9.667477607727050781e+00
-9.230752944946289062e+00
-7.152325153350830078e+00
-7.232555389404296875e+00
-1.045721435546875000e+01
-9.118600845336914062e+00
-9.761781692504882812e+00
-9.960067749023437500e+00
-9.901330947875976562e+00
-1.089515876770019531e+01
-8.573507308959960938e+00
-9.354699134826660156e+00
-8.406413078308105469e+00
-9.171712875366210938e+00
-8.219018936157226562e+00
-8.901752471923828125e+00
-8.228384017944335938e+00
-8.914043426513671875e+00
-8.228471755981445312e+00
-8.914171218872070312e+00
-8.258447647094726562e+00
-8.951339721679687500e+00
-8.449941635131835938e+00
-9.220124244689941406e+00
-9.096160888671875000e+00
-1.007201766967773438e+01
-1.044522857666015625e+01
-1.180987358093261719e+01
-1.076774024963378906e+01
-1.208032798767089844e+01
-1.211550807952880859e+01
-1.252194786071777344e+01
-9.444030761718750000e+00
-8.924886703491210938e+00
-7.172595977783203125e+00
-7.177355766296386719e+00
-1.039418411254882812e+01
-8.912361145019531250e+00
-9.657983779907226562e+00
-9.764689445495605469e+00
-9.809952735900878906e+00
-1.073028373718261719e+01
-8.460718154907226562e+00
-9.168453216552734375e+00
-8.280115127563476562e+00
-8.983333587646484375e+00
-8.079831123352050781e+00
-8.699213981628417969e+00
-8.089129447937011719e+00
-8.711554527282714844e+00
-8.089246749877929688e+00
-8.711719512939453125e+00
-8.121646881103515625e+00
-8.751407623291015625e+00
-8.320507049560546875e+00
-9.026445388793945312e+00
-8.970446586608886719e+00
-9.885206222534179688e+00
-1.036466312408447266e+01
-1.172538280487060547e+01
-1.070537757873535156e+01
-1.203419685363769531e+01
-1.204262351989746094e+01
-1.243207359313964844e+01
-9.417612075805664062e+00
-8.919208526611328125e+00
-7.208258152008056641e+00
-7.231713294982910156e+00
-1.053131484985351562e+01
-9.067819595336914062e+00
-9.787023544311523438e+00
-9.930252075195312500e+00
-9.891082763671875000e+00
-1.085259914398193359e+01
-8.548484802246093750e+00
-9.281229019165039062e+00
-8.353363037109375000e+00
-9.081350326538085938e+00
-8.153146743774414062e+00
-8.793521881103515625e+00
-8.161815643310546875e+00
-8.805236816406250000e+00
-8.161931991577148438e+00
-8.805402755737304688e+00
-8.194173812866210938e+00
-8.844964981079101562e+00
-8.408197402954101562e+00
-9.142413139343261719e+00
-9.073233604431152344e+00
-1.001962089538574219e+01
-1.043471717834472656e+01
-1.182658386230468750e+01
-1.075704765319824219e+01
-1.211310768127441406e+01
-1.209010696411132812e+01
-1.250183010101318359e+01
-9.459080696105957031e+00
-8.986702919006347656e+00
-7.206902027130126953e+00
-7.229063034057617188e+00
-1.052637767791748047e+01
-9.061681747436523438e+00
-9.783924102783203125e+00
-9.924461364746093750e+00
-9.894692420959472656e+00
-1.085443210601806641e+01
-8.552396774291992188e+00
-9.284368515014648438e+00
-8.356949806213378906e+00
-9.084241867065429688e+00
-8.156526565551757812e+00
-8.796192169189453125e+00
-8.165215492248535156e+00
-8.807935714721679688e+00
-8.165329933166503906e+00
-8.808097839355468750e+00
-8.197544097900390625e+00
-8.847630500793457031e+00
-8.411760330200195312e+00
-9.145683288574218750e+00
-9.076313018798828125e+00
-1.002281951904296875e+01
-1.043655204772949219e+01
-1.182737922668457031e+01
-1.075669193267822266e+01
-1.211316394805908203e+01
-1.209337997436523438e+01
-1.250524330139160156e+01
-9.459556579589843750e+00
-8.988899230957031250e+00
-7.207318782806396484e+00
-7.229684829711914062e+00
-1.052675056457519531e+01
-9.062300682067871094e+00
-9.784160614013671875e+00
-9.924926757812500000e+00
-9.895111083984375000e+00
-1.085499763488769531e+01
-8.552845001220703125e+00
-9.284942626953125000e+00
-8.357364654541015625e+00
-9.084777832031250000e+00
-8.156935691833496094e+00
-8.796716690063476562e+00
-8.165624618530273438e+00
-8.808460235595703125e+00
-8.165740966796875000e+00
-8.808623313903808594e+00
-8.197952270507812500e+00
-8.848156929016113281e+00
-8.412181854248046875e+00
-9.146232604980468750e+00
-9.076862335205078125e+00
-1.002354240417480469e+01
-1.043727111816406250e+01
-1.182832431793212891e+01
-1.075754165649414062e+01
-1.211439895629882812e+01
-1.209428787231445312e+01
-1.250651454925537109e+01
-9.460118293762207031e+00
-8.989808082580566406e+00
-7.197968006134033203e+00
-7.217768192291259766e+00
-1.049783706665039062e+01
-9.029104232788085938e+00
-9.745759963989257812e+00
-9.877270698547363281e+00
-9.853181838989257812e+00
-1.080481338500976562e+01
-8.507909774780273438e+00
-9.228340148925781250e+00
-8.309280395507812500e+00
-9.024966239929199219e+00
-8.111081123352050781e+00
-8.739336013793945312e+00
-8.119834899902343750e+00
-8.751174926757812500e+00
-8.119943618774414062e+00
-8.751329421997070312e+00
-8.152314186096191406e+00
-8.791021347045898438e+00
-8.365644454956054688e+00
-9.087703704833984375e+00
-9.030504226684570312e+00
-9.965011596679687500e+00
-1.039683723449707031e+01
-1.178053569793701172e+01
-1.072889137268066406e+01
-1.208011531829833984e+01
-1.207267951965332031e+01
-1.247964286804199219e+01
-9.447710990905761719e+00
-8.976487159729003906e+00
-7.439756870269775391e+00
-7.523589134216308594e+00
-1.085426330566406250e+01
-9.543181419372558594e+00
-1.019339561462402344e+01
-1.059003925323486328e+01
-1.048105812072753906e+01
-1.165728759765625000e+01
-9.231311798095703125e+00
-1.017686367034912109e+01
-9.015416145324707031e+00
-9.954324722290039062e+00
-8.791017532348632812e+00
-9.642631530761718750e+00
-8.802225112915039062e+00
-9.657247543334960938e+00
-8.802347183227539062e+00
-9.657415390014648438e+00
-8.836252212524414062e+00
-9.699716567993164062e+00
-9.086663246154785156e+00
-1.002866554260253906e+01
-9.781492233276367188e+00
-1.093064785003662109e+01
-1.100578498840332031e+01
-1.256610870361328125e+01
-1.122656917572021484e+01
-1.276346397399902344e+01
-1.242794609069824219e+01
-1.297080421447753906e+01
-9.663032531738281250e+00
-9.329846382141113281e+00
-7.842898845672607422e+00
-8.096901893615722656e+00
-1.140801811218261719e+01
-1.044922828674316406e+01
-1.096109390258789062e+01
-1.177707767486572266e+01
-1.143151283264160156e+01
-1.287921428680419922e+01
-1.025643348693847656e+01
-1.143812942504882812e+01
-1.010865020751953125e+01
-1.125871372222900391e+01
-9.857608795166015625e+00
-1.091120052337646484e+01
-9.868350982666015625e+00
-1.092547798156738281e+01
-9.868453025817871094e+00
-1.092561531066894531e+01
-9.904549598693847656e+00
-1.096966171264648438e+01
-1.015228843688964844e+01
-1.128063583374023438e+01
-1.073017883300781250e+01
-1.205530548095703125e+01
-1.187378501892089844e+01
-1.351144313812255859e+01
-1.190032196044921875e+01
-1.349829006195068359e+01
-1.283064079284667969e+01
-1.337539482116699219e+01
-9.938100814819335938e+00
-9.615880966186523438e+00
-8.525075912475585938e+00
-8.886565208435058594e+00
-1.178903198242187500e+01
-1.103644561767578125e+01
-1.123868846893310547e+01
-1.220624160766601562e+01
-1.178154563903808594e+01
-1.334606075286865234e+01
-1.077036571502685547e+01
-1.201633262634277344e+01
-1.059719085693359375e+01
-1.180886554718017578e+01
-1.039893054962158203e+01
-1.152472114562988281e+01
-1.040896987915039062e+01
-1.153789806365966797e+01
-1.040906524658203125e+01
-1.153801918029785156e+01
-1.044903755187988281e+01
-1.158627128601074219e+01
-1.066137504577636719e+01
-1.185393238067626953e+01
-1.113214111328125000e+01
-1.250586605072021484e+01
-1.212077236175537109e+01
-1.358543872833251953e+01
-1.213271522521972656e+01
-1.343339252471923828e+01
-1.249896812438964844e+01
-1.277175617218017578e+01
-9.824602127075195312e+00
-9.371538162231445312e+00
-1.022565841674804688e+01
-1.090887355804443359e+01
-1.278619956970214844e+01
-1.233778572082519531e+01
-1.196400642395019531e+01
-1.281891632080078125e+01
-1.190772819519042969e+01
-1.332243824005126953e+01
-1.143317794799804688e+01
-1.264168548583984375e+01
-1.150051879882812500e+01
-1.258278465270996094e+01
-1.139504432678222656e+01
-1.243071174621582031e+01
-1.140207672119140625e+01
-1.244038867950439453e+01
-1.140213012695312500e+01
-1.244037532806396484e+01
-1.144042968750000000e+01
-1.248477363586425781e+01
-1.160918712615966797e+01
-1.270238208770751953e+01
-1.195468902587890625e+01
-1.318021965026855469e+01
-1.279238510131835938e+01
-1.406173515319824219e+01
-1.242224311828613281e+01
-1.351406383514404297e+01
-1.247414398193359375e+01
-1.264049625396728516e+01
-1.051000785827636719e+01
-9.544105529785156250e+00
-1.020907974243164062e+01
-1.076562309265136719e+01
-1.283023071289062500e+01
-1.223550987243652344e+01
-1.288435268402099609e+01
-1.331620597839355469e+01
-1.290299129486083984e+01
-1.389312267303466797e+01
-1.254602146148681641e+01
-1.331010913848876953e+01
-1.263482952117919922e+01
-1.334210014343261719e+01
-1.258692836761474609e+01
-1.325357151031494141e+01
-1.259116935729980469e+01
-1.325860977172851562e+01
-1.259118938446044922e+01
-1.325855827331542969e+01
-1.261726284027099609e+01
-1.328349781036376953e+01
-1.275650787353515625e+01
-1.342209720611572266e+01
-1.304364395141601562e+01
-1.379793357849121094e+01
-1.378496551513671875e+01
-1.450703048706054688e+01
-1.362056064605712891e+01
-1.426723289489746094e+01
-1.270492935180664062e+01
-1.265756320953369141e+01
-1.058676147460937500e+01
-9.808856964111328125e+00
-1.017280578613281250e+01
-9.588923454284667969e+00
-1.217131996154785156e+01
-1.077270221710205078e+01
-1.243593788146972656e+01
-1.184059047698974609e+01
-1.184518814086914062e+01
-1.206246089935302734e+01
-1.142443466186523438e+01
-1.157818317413330078e+01
-1.149772930145263672e+01
-1.153942108154296875e+01
-1.148544883728027344e+01
-1.148765373229980469e+01
-1.148818969726562500e+01
-1.149046707153320312e+01
-1.148823261260986328e+01
-1.149046325683593750e+01
-1.150168800354003906e+01
-1.150245857238769531e+01
-1.153290748596191406e+01
-1.155097389221191406e+01
-1.169430732727050781e+01
-1.185824108123779297e+01
-1.201520156860351562e+01
-1.241930198669433594e+01
-1.269429111480712891e+01
-1.273500823974609375e+01
-1.170997619628906250e+01
-1.094309425354003906e+01
-9.912337303161621094e+00
-7.752847194671630859e+00
-7.377020359039306641e+00
-7.443293094635009766e+00
-7.219709396362304688e+00
-7.918913841247558594e+00
-8.875702857971191406e+00
-9.284372329711914062e+00
-6.406912326812744141e+00
-6.583439826965332031e+00
-5.948539257049560547e+00
-6.370704174041748047e+00
-6.832175254821777344e+00
-6.871028900146484375e+00
-6.935258865356445312e+00
-6.508446216583251953e+00
-5.680092334747314453e+00
-6.253773212432861328e+00
-6.779240608215332031e+00
-6.954696655273437500e+00
-5.700684547424316406e+00
-5.370265960693359375e+00
-5.287234306335449219e+00
-6.321516036987304688e+00
-7.219846725463867188e+00
-7.620644092559814453e+00
-5.973315715789794922e+00
-5.360438346862792969e+00
-5.417069435119628906e+00
-6.632936954498291016e+00
-7.745273590087890625e+00
-8.410511016845703125e+00
-8.122991561889648438e+00
-7.111682415008544922e+00
-6.467849254608154297e+00
-7.238179683685302734e+00
-7.994820594787597656e+00
-8.518369674682617188e+00
-8.128086090087890625e+00
-6.581466197967529297e+00
-5.978797912597656250e+00
-6.927677631378173828e+00
-7.782241821289062500e+00
-8.291164398193359375e+00
-7.930735111236572266e+00
-6.338213443756103516e+00
-5.541402339935302734e+00
-6.486932277679443359e+00
-7.431138992309570312e+00
-8.078426361083984375e+00
-7.768541812896728516e+00
-6.978140354156494141e+00
-5.912703037261962891e+00
-6.453547954559326172e+00
-7.465799331665039062e+00
-8.253027915954589844e+00
-7.963870525360107422e+00
-6.810376167297363281e+00
-4.879192829132080078e+00
-4.802429676055908203e+00
-5.090414047241210938e+00
-5.394312381744384766e+00
-9.602062225341796875e+00
-8.548830032348632812e+00
-6.667631626129150391e+00
-6.524864196777343750e+00
-6.528892517089843750e+00
-6.537055015563964844e+00
-9.040696144104003906e+00
-8.080484390258789062e+00
-6.542839050292968750e+00
-6.494282245635986328e+00
-6.560979843139648438e+00
-6.691632747650146484e+00
-1.026322555541992188e+01
-8.395979881286621094e+00
-6.740162849426269531e+00
-6.832769870758056641e+00
-7.219511032104492188e+00
-7.731152057647705078e+00
-1.465268421173095703e+01
-1.196029567718505859e+01
-9.397520065307617188e+00
-8.788759231567382812e+00
-8.584915161132812500e+00
-8.772290229797363281e+00
-1.587154674530029297e+01
-1.251008892059326172e+01
-9.566970825195312500e+00
-8.789482116699218750e+00
-8.222246170043945312e+00
-7.905429363250732422e+00
-1.318553447723388672e+01
-1.075548744201660156e+01
-8.314214706420898438e+00
-7.740911483764648438e+00
-7.411320686340332031e+00
-7.227432250976562500e+00
-7.093582153320312500e+00
-6.008552551269531250e+00
-5.015076160430908203e+00
-5.371057987213134766e+00
-6.327325820922851562e+00
-7.275328159332275391e+00
-8.007518768310546875e+00
-6.655395984649658203e+00
-4.626410007476806641e+00
-4.373762607574462891e+00
-4.685672760009765625e+00
-5.055210590362548828e+00
-1.006501007080078125e+01
-8.832778930664062500e+00
-6.745009422302246094e+00
-6.382901191711425781e+00
-6.279418945312500000e+00
-6.336582660675048828e+00
-9.259344100952148438e+00
-8.641417503356933594e+00
-7.090369701385498047e+00
-6.914327621459960938e+00
-6.864544868469238281e+00
-7.007677078247070312e+00
-9.252450942993164062e+00
-8.199869155883789062e+00
-6.860333919525146484e+00
-6.935391426086425781e+00
-7.333511352539062500e+00
-7.938113689422607422e+00
-1.296618938446044922e+01
-1.152468395233154297e+01
-9.675866127014160156e+00
-9.245769500732421875e+00
-9.178289413452148438e+00
-9.478012084960937500e+00
-1.372021865844726562e+01
-1.163588047027587891e+01
-9.247218132019042969e+00
-8.660942077636718750e+00
-8.338703155517578125e+00
-8.204875946044921875e+00
-1.186323547363281250e+01
-1.003380203247070312e+01
-7.965910911560058594e+00
-7.724047183990478516e+00
-7.531586647033691406e+00
-7.471874237060546875e+00
-6.908043861389160156e+00
-5.693731784820556641e+00
-4.713727474212646484e+00
-4.966955661773681641e+00
-5.807683944702148438e+00
-6.713004589080810547e+00
-7.241342067718505859e+00
-5.913060665130615234e+00
-3.978684663772583008e+00
-3.716819524765014648e+00
-4.028790473937988281e+00
-4.449409961700439453e+00
-7.283661842346191406e+00
-5.979115962982177734e+00
-4.092182636260986328e+00
-4.069994926452636719e+00
-4.556015014648437500e+00
-5.249528884887695312e+00
-5.072284698486328125e+00
-4.600449562072753906e+00
-3.718736886978149414e+00
-4.411071777343750000e+00
-5.401645660400390625e+00
-6.399824619293212891e+00
-5.351544857025146484e+00
-4.548035144805908203e+00
-3.794158458709716797e+00
-4.484838008880615234e+00
-5.581422805786132812e+00
-6.684891223907470703e+00
-9.965836524963378906e+00
-8.839292526245117188e+00
-7.349281311035156250e+00
-7.075900077819824219e+00
-7.138769149780273438e+00
-7.499463558197021484e+00
-1.166364002227783203e+01
-9.291337966918945312e+00
-7.224309444427490234e+00
-6.959726810455322266e+00
-6.920181274414062500e+00
-7.050740242004394531e+00
-1.049270057678222656e+01
-8.816946029663085938e+00
-6.864463806152343750e+00
-6.764081001281738281e+00
-6.730236053466796875e+00
-6.850282669067382812e+00
-6.253903865814208984e+00
-5.483133792877197266e+00
-4.980995178222656250e+00
-5.404672145843505859e+00
-6.268017768859863281e+00
-7.092185974121093750e+00
-7.180262088775634766e+00
-6.202108383178710938e+00
-4.529393196105957031e+00
-4.319652080535888672e+00
-4.518000602722167969e+00
-4.753013134002685547e+00
-7.931453227996826172e+00
-6.878687381744384766e+00
-5.278104782104492188e+00
-5.233138561248779297e+00
-5.519648551940917969e+00
-5.838537693023681641e+00
-5.340122699737548828e+00
-4.832903861999511719e+00
-4.188900947570800781e+00
-4.862248420715332031e+00
-5.804848670959472656e+00
-6.622660160064697266e+00
-5.063066005706787109e+00
-4.002535343170166016e+00
-3.491130590438842773e+00
-4.551234722137451172e+00
-6.103387832641601562e+00
-7.401219844818115234e+00
-9.496059417724609375e+00
-7.977797031402587891e+00
-6.532598018646240234e+00
-6.536697864532470703e+00
-7.023551940917968750e+00
-7.622677326202392578e+00
-1.132801437377929688e+01
-8.569213867187500000e+00
-6.540280342102050781e+00
-6.397294998168945312e+00
-6.520917892456054688e+00
-6.835194587707519531e+00
-1.018696594238281250e+01
-8.515012741088867188e+00
-6.750132560729980469e+00
-6.756649017333984375e+00
-6.834348678588867188e+00
-7.012383937835693359e+00
-4.981638431549072266e+00
-4.814412593841552734e+00
-4.710373878479003906e+00
-5.342716693878173828e+00
-6.369704246520996094e+00
-7.323418140411376953e+00
-8.272455215454101562e+00
-7.536626338958740234e+00
-5.780752182006835938e+00
-5.391826152801513672e+00
-5.314759254455566406e+00
-5.438971996307373047e+00
-9.380101203918457031e+00
-8.529393196105957031e+00
-6.653413772583007812e+00
-6.232124805450439453e+00
-6.091171264648437500e+00
-6.177701473236083984e+00
-7.448181629180908203e+00
-7.068709850311279297e+00
-5.929203033447265625e+00
-5.926558971405029297e+00
-6.162709236145019531e+00
-6.585348606109619141e+00
-7.469558715820312500e+00
-6.477099418640136719e+00
-5.287908554077148438e+00
-5.529947280883789062e+00
-6.264165878295898438e+00
-7.039741516113281250e+00
-9.901574134826660156e+00
-8.359732627868652344e+00
-6.967603206634521484e+00
-6.913121700286865234e+00
-7.262365341186523438e+00
-7.732720851898193359e+00
-1.119598674774169922e+01
-8.822142601013183594e+00
-6.627976894378662109e+00
-6.327783584594726562e+00
-6.233519554138183594e+00
-6.402895927429199219e+00
-1.048351573944091797e+01
-8.983547210693359375e+00
-6.937318801879882812e+00
-6.792227268218994141e+00
-6.692214012145996094e+00
-6.771689891815185547e+00
-6.156100749969482422e+00
-4.842027187347412109e+00
-4.819605350494384766e+00
-5.772342205047607422e+00
-7.297903060913085938e+00
-8.429369926452636719e+00
-1.122169780731201172e+01
-9.290363311767578125e+00
-7.455193996429443359e+00
-7.333510875701904297e+00
-7.618678092956542969e+00
-7.801279067993164062e+00
-1.232026195526123047e+01
-1.031761169433593750e+01
-8.138817787170410156e+00
-7.929762363433837891e+00
-8.214805603027343750e+00
-8.410829544067382812e+00
-1.142364788055419922e+01
-9.430988311767578125e+00
-7.269611835479736328e+00
-6.953951358795166016e+00
-7.132272720336914062e+00
-7.342634677886962891e+00
-1.156677532196044922e+01
-8.821570396423339844e+00
-6.554702758789062500e+00
-6.627078056335449219e+00
-7.313746452331542969e+00
-7.894562244415283203e+00
-1.280217361450195312e+01
-9.758181571960449219e+00
-7.471702575683593750e+00
-7.484986305236816406e+00
-8.108936309814453125e+00
-8.600031852722167969e+00
-1.389727973937988281e+01
-1.070246887207031250e+01
-8.006390571594238281e+00
-7.731240749359130859e+00
-7.826415061950683594e+00
-7.966079235076904297e+00
-1.215452480316162109e+01
-1.030468463897705078e+01
-7.881596088409423828e+00
-7.821608066558837891e+00
-7.864103317260742188e+00
-8.066952705383300781e+00
-8.107621192932128906e+00
-5.792556762695312500e+00
-4.670903682708740234e+00
-5.211151123046875000e+00
-6.823244094848632812e+00
-8.345600128173828125e+00
-1.056837081909179688e+01
-8.461836814880371094e+00
-6.667935371398925781e+00
-6.973977565765380859e+00
-8.049997329711914062e+00
-8.816850662231445312e+00
-1.045383644104003906e+01
-8.506191253662109375e+00
-6.234817981719970703e+00
-6.047224521636962891e+00
-6.773922920227050781e+00
-7.456354618072509766e+00
-9.468979835510253906e+00
-7.201272964477539062e+00
-4.994801998138427734e+00
-4.822933197021484375e+00
-5.543437004089355469e+00
-6.357260227203369141e+00
-9.364096641540527344e+00
-6.823433399200439453e+00
-4.602918624877929688e+00
-4.684628009796142578e+00
-5.746054649353027344e+00
-6.826544761657714844e+00
-9.553193092346191406e+00
-7.050345420837402344e+00
-4.847892761230468750e+00
-5.027783870697021484e+00
-6.260439872741699219e+00
-7.338598728179931641e+00
-1.097755336761474609e+01
-8.231992721557617188e+00
-6.001891136169433594e+00
-6.124377250671386719e+00
-7.020220756530761719e+00
-7.813084125518798828e+00
-9.302613258361816406e+00
-7.598970890045166016e+00
-6.539346218109130859e+00
-7.277019977569580078e+00
-8.200831413269042969e+00
-8.817610740661621094e+00
